/*--------------------------------*- C++ -*----------------------------------*\
| =========                 |                                                 |
| \\      /  F ield         | OpenFOAM: The Open Source CFD Toolbox           |
|  \\    /   O peration     | Version:  v1706                                 |
|   \\  /    A nd           | Web:      www.OpenFOAM.com                      |
|    \\/     M anipulation  |                                                 |
\*---------------------------------------------------------------------------*/
FoamFile
{
    version     2.0;
    format      ascii;
    class       vectorField;
    location    "constant/polyMesh";
    object      points;
}
// * * * * * * * * * * * * * * * * * * * * * * * * * * * * * * * * * * * * * //


2404
(
(0 0 0)
(0.000211667 0 0)
(0.000423333 0 0)
(0.000635 0 0)
(0.000846667 0 0)
(0.00105833 0 0)
(0.00127 0 0)
(0.00148167 0 0)
(0.00169333 0 0)
(0.001905 0 0)
(0.00211667 0 0)
(0.00232833 0 0)
(0.00254 0 0)
(0.00275167 0 0)
(0.00296333 0 0)
(0.003175 0 0)
(0.00338667 0 0)
(0.00359833 0 0)
(0.00381 0 0)
(0.00402167 0 0)
(0.00423333 0 0)
(0.004445 0 0)
(0.00465667 0 0)
(0.00486833 0 0)
(0.00508 0 0)
(0.00529167 0 0)
(0.00550333 0 0)
(0.005715 0 0)
(0.00592667 0 0)
(0.00613833 0 0)
(0.00635 0 0)
(0.00656167 0 0)
(0.00677333 0 0)
(0.006985 0 0)
(0.00719667 0 0)
(0.00740833 0 0)
(0.00762 0 0)
(0.00783167 0 0)
(0.00804333 0 0)
(0.008255 0 0)
(0.00846667 0 0)
(0.00867833 0 0)
(0.00889 0 0)
(0.00910167 0 0)
(0.00931333 0 0)
(0.009525 0 0)
(0.00973667 0 0)
(0.00994833 0 0)
(0.01016 0 0)
(0.0103717 0 0)
(0.0105833 0 0)
(0.010795 0 0)
(0.0110067 0 0)
(0.0112183 0 0)
(0.01143 0 0)
(0.0116417 0 0)
(0.0118533 0 0)
(0.012065 0 0)
(0.0122767 0 0)
(0.0124883 0 0)
(0.0127 0 0)
(0.0129117 0 0)
(0.0131233 0 0)
(0.013335 0 0)
(0.0135467 0 0)
(0.0137583 0 0)
(0.01397 0 0)
(0.0141817 0 0)
(0.0143933 0 0)
(0.014605 0 0)
(0.0148167 0 0)
(0.0150283 0 0)
(0.01524 0 0)
(0.0154517 0 0)
(0.0156633 0 0)
(0.015875 0 0)
(0.0160867 0 0)
(0.0162983 0 0)
(0.01651 0 0)
(0.0167217 0 0)
(0.0169333 0 0)
(0.017145 0 0)
(0.0173567 0 0)
(0.0175683 0 0)
(0.01778 0 0)
(0.0179917 0 0)
(0.0182033 0 0)
(0.018415 0 0)
(0.0186267 0 0)
(0.0188383 0 0)
(0.01905 0 0)
(0.0192617 0 0)
(0.0194733 0 0)
(0.019685 0 0)
(0.0198967 0 0)
(0.0201083 0 0)
(0.02032 0 0)
(0.0205317 0 0)
(0.0207433 0 0)
(0.020955 0 0)
(0.0211667 0 0)
(0.0213783 0 0)
(0.02159 0 0)
(0.0218017 0 0)
(0.0220133 0 0)
(0.022225 0 0)
(0.0224367 0 0)
(0.0226483 0 0)
(0.02286 0 0)
(0.0230717 0 0)
(0.0232833 0 0)
(0.023495 0 0)
(0.0237067 0 0)
(0.0239183 0 0)
(0.02413 0 0)
(0.0243417 0 0)
(0.0245533 0 0)
(0.024765 0 0)
(0.0249767 0 0)
(0.0251883 0 0)
(0.0254 0 0)
(0.0256117 0 0)
(0.0258233 0 0)
(0.026035 0 0)
(0.0262467 0 0)
(0.0264583 0 0)
(0.02667 0 0)
(0.0268817 0 0)
(0.0270933 0 0)
(0.027305 0 0)
(0.0275167 0 0)
(0.0277283 0 0)
(0.02794 0 0)
(0.0281517 0 0)
(0.0283633 0 0)
(0.028575 0 0)
(0.0287867 0 0)
(0.0289983 0 0)
(0.02921 0 0)
(0.0294217 0 0)
(0.0296333 0 0)
(0.029845 0 0)
(0.0300567 0 0)
(0.0302683 0 0)
(0.03048 0 0)
(0.0306917 0 0)
(0.0309033 0 0)
(0.031115 0 0)
(0.0313267 0 0)
(0.0315383 0 0)
(0.03175 0 0)
(0.0319617 0 0)
(0.0321733 0 0)
(0.032385 0 0)
(0.0325967 0 0)
(0.0328083 0 0)
(0.03302 0 0)
(0.0332317 0 0)
(0.0334433 0 0)
(0.033655 0 0)
(0.0338667 0 0)
(0.0340783 0 0)
(0.03429 0 0)
(0.0345017 0 0)
(0.0347133 0 0)
(0.034925 0 0)
(0.0351367 0 0)
(0.0353483 0 0)
(0.03556 0 0)
(0.0357717 0 0)
(0.0359833 0 0)
(0.036195 0 0)
(0.0364067 0 0)
(0.0366183 0 0)
(0.03683 0 0)
(0.0370417 0 0)
(0.0372533 0 0)
(0.037465 0 0)
(0.0376767 0 0)
(0.0378883 0 0)
(0.0381 0 0)
(0.0383117 0 0)
(0.0385233 0 0)
(0.038735 0 0)
(0.0389467 0 0)
(0.0391583 0 0)
(0.03937 0 0)
(0.0395817 0 0)
(0.0397933 0 0)
(0.040005 0 0)
(0.0402167 0 0)
(0.0404283 0 0)
(0.04064 0 0)
(0.0408517 0 0)
(0.0410633 0 0)
(0.041275 0 0)
(0.0414867 0 0)
(0.0416983 0 0)
(0.04191 0 0)
(0.0421217 0 0)
(0.0423333 0 0)
(0.042545 0 0)
(0.0427567 0 0)
(0.0429683 0 0)
(0.04318 0 0)
(0.0433917 0 0)
(0.0436033 0 0)
(0.043815 0 0)
(0.0440267 0 0)
(0.0442383 0 0)
(0.04445 0 0)
(0.0446617 0 0)
(0.0448733 0 0)
(0.045085 0 0)
(0.0452967 0 0)
(0.0455083 0 0)
(0.04572 0 0)
(0.0459317 0 0)
(0.0461433 0 0)
(0.046355 0 0)
(0.0465667 0 0)
(0.0467783 0 0)
(0.04699 0 0)
(0.0472017 0 0)
(0.0474133 0 0)
(0.047625 0 0)
(0.0478367 0 0)
(0.0480483 0 0)
(0.04826 0 0)
(0.0484717 0 0)
(0.0486833 0 0)
(0.048895 0 0)
(0.0491067 0 0)
(0.0493183 0 0)
(0.04953 0 0)
(0.0497417 0 0)
(0.0499533 0 0)
(0.050165 0 0)
(0.0503767 0 0)
(0.0505883 0 0)
(0.0508 0 0)
(0.0510117 0 0)
(0.0512233 0 0)
(0.051435 0 0)
(0.0516467 0 0)
(0.0518583 0 0)
(0.05207 0 0)
(0.0522817 0 0)
(0.0524933 0 0)
(0.052705 0 0)
(0.0529167 0 0)
(0.0531283 0 0)
(0.05334 0 0)
(0.0535517 0 0)
(0.0537633 0 0)
(0.053975 0 0)
(0.0541867 0 0)
(0.0543983 0 0)
(0.05461 0 0)
(0.0548217 0 0)
(0.0550333 0 0)
(0.055245 0 0)
(0.0554567 0 0)
(0.0556683 0 0)
(0.05588 0 0)
(0.0560917 0 0)
(0.0563033 0 0)
(0.056515 0 0)
(0.0567267 0 0)
(0.0569383 0 0)
(0.05715 0 0)
(0.0573617 0 0)
(0.0575733 0 0)
(0.057785 0 0)
(0.0579967 0 0)
(0.0582083 0 0)
(0.05842 0 0)
(0.0586317 0 0)
(0.0588433 0 0)
(0.059055 0 0)
(0.0592667 0 0)
(0.0594783 0 0)
(0.05969 0 0)
(0.0599017 0 0)
(0.0601133 0 0)
(0.060325 0 0)
(0.0605367 0 0)
(0.0607483 0 0)
(0.06096 0 0)
(0.0611717 0 0)
(0.0613833 0 0)
(0.061595 0 0)
(0.0618067 0 0)
(0.0620183 0 0)
(0.06223 0 0)
(0.0624417 0 0)
(0.0626533 0 0)
(0.062865 0 0)
(0.0630767 0 0)
(0.0632883 0 0)
(0.0635 0 0)
(0.0637117 0 0)
(0.0639233 0 0)
(0.064135 0 0)
(0.0643467 0 0)
(0.0645583 0 0)
(0.06477 0 0)
(0.0649817 0 0)
(0.0651933 0 0)
(0.065405 0 0)
(0.0656167 0 0)
(0.0658283 0 0)
(0.06604 0 0)
(0.0662517 0 0)
(0.0664633 0 0)
(0.066675 0 0)
(0.0668867 0 0)
(0.0670983 0 0)
(0.06731 0 0)
(0.0675217 0 0)
(0.0677333 0 0)
(0.067945 0 0)
(0.0681567 0 0)
(0.0683683 0 0)
(0.06858 0 0)
(0.0687917 0 0)
(0.0690033 0 0)
(0.069215 0 0)
(0.0694267 0 0)
(0.0696383 0 0)
(0.06985 0 0)
(0.0700617 0 0)
(0.0702733 0 0)
(0.070485 0 0)
(0.0706967 0 0)
(0.0709083 0 0)
(0.07112 0 0)
(0.0713317 0 0)
(0.0715433 0 0)
(0.071755 0 0)
(0.0719667 0 0)
(0.0721783 0 0)
(0.07239 0 0)
(0.0726017 0 0)
(0.0728133 0 0)
(0.073025 0 0)
(0.0732367 0 0)
(0.0734483 0 0)
(0.07366 0 0)
(0.0738717 0 0)
(0.0740833 0 0)
(0.074295 0 0)
(0.0745067 0 0)
(0.0747183 0 0)
(0.07493 0 0)
(0.0751417 0 0)
(0.0753533 0 0)
(0.075565 0 0)
(0.0757767 0 0)
(0.0759883 0 0)
(0.0762 0 0)
(0.0764117 0 0)
(0.0766233 0 0)
(0.076835 0 0)
(0.0770467 0 0)
(0.0772583 0 0)
(0.07747 0 0)
(0.0776817 0 0)
(0.0778933 0 0)
(0.078105 0 0)
(0.0783167 0 0)
(0.0785283 0 0)
(0.07874 0 0)
(0.0789517 0 0)
(0.0791633 0 0)
(0.079375 0 0)
(0.0795867 0 0)
(0.0797983 0 0)
(0.08001 0 0)
(0.0802217 0 0)
(0.0804333 0 0)
(0.080645 0 0)
(0.0808567 0 0)
(0.0810683 0 0)
(0.08128 0 0)
(0.0814917 0 0)
(0.0817033 0 0)
(0.081915 0 0)
(0.0821267 0 0)
(0.0823383 0 0)
(0.08255 0 0)
(0.0827617 0 0)
(0.0829733 0 0)
(0.083185 0 0)
(0.0833967 0 0)
(0.0836083 0 0)
(0.08382 0 0)
(0.0840317 0 0)
(0.0842433 0 0)
(0.084455 0 0)
(0.0846667 0 0)
(0.0848783 0 0)
(0.08509 0 0)
(0.0853017 0 0)
(0.0855133 0 0)
(0.085725 0 0)
(0.0859367 0 0)
(0.0861483 0 0)
(0.08636 0 0)
(0.0865717 0 0)
(0.0867833 0 0)
(0.086995 0 0)
(0.0872067 0 0)
(0.0874183 0 0)
(0.08763 0 0)
(0.0878417 0 0)
(0.0880533 0 0)
(0.088265 0 0)
(0.0884767 0 0)
(0.0886883 0 0)
(0.0889 0 0)
(0.0891117 0 0)
(0.0893233 0 0)
(0.089535 0 0)
(0.0897467 0 0)
(0.0899583 0 0)
(0.09017 0 0)
(0.0903817 0 0)
(0.0905933 0 0)
(0.090805 0 0)
(0.0910167 0 0)
(0.0912283 0 0)
(0.09144 0 0)
(0.0916517 0 0)
(0.0918633 0 0)
(0.092075 0 0)
(0.0922867 0 0)
(0.0924983 0 0)
(0.09271 0 0)
(0.0929217 0 0)
(0.0931333 0 0)
(0.093345 0 0)
(0.0935567 0 0)
(0.0937683 0 0)
(0.09398 0 0)
(0.0941917 0 0)
(0.0944033 0 0)
(0.094615 0 0)
(0.0948267 0 0)
(0.0950383 0 0)
(0.09525 0 0)
(0.0954617 0 0)
(0.0956733 0 0)
(0.095885 0 0)
(0.0960967 0 0)
(0.0963083 0 0)
(0.09652 0 0)
(0.0967317 0 0)
(0.0969433 0 0)
(0.097155 0 0)
(0.0973667 0 0)
(0.0975783 0 0)
(0.09779 0 0)
(0.0980017 0 0)
(0.0982133 0 0)
(0.098425 0 0)
(0.0986367 0 0)
(0.0988483 0 0)
(0.09906 0 0)
(0.0992717 0 0)
(0.0994833 0 0)
(0.099695 0 0)
(0.0999067 0 0)
(0.100118 0 0)
(0.10033 0 0)
(0.100542 0 0)
(0.100753 0 0)
(0.100965 0 0)
(0.101177 0 0)
(0.101388 0 0)
(0.1016 0 0)
(0.101812 0 0)
(0.102023 0 0)
(0.102235 0 0)
(0.102447 0 0)
(0.102658 0 0)
(0.10287 0 0)
(0.103082 0 0)
(0.103293 0 0)
(0.103505 0 0)
(0.103717 0 0)
(0.103928 0 0)
(0.10414 0 0)
(0.104352 0 0)
(0.104563 0 0)
(0.104775 0 0)
(0.104987 0 0)
(0.105198 0 0)
(0.10541 0 0)
(0.105622 0 0)
(0.105833 0 0)
(0.106045 0 0)
(0.106257 0 0)
(0.106468 0 0)
(0.10668 0 0)
(0.106892 0 0)
(0.107103 0 0)
(0.107315 0 0)
(0.107527 0 0)
(0.107738 0 0)
(0.10795 0 0)
(0.108162 0 0)
(0.108373 0 0)
(0.108585 0 0)
(0.108797 0 0)
(0.109008 0 0)
(0.10922 0 0)
(0.109432 0 0)
(0.109643 0 0)
(0.109855 0 0)
(0.110067 0 0)
(0.110278 0 0)
(0.11049 0 0)
(0.110702 0 0)
(0.110913 0 0)
(0.111125 0 0)
(0.111337 0 0)
(0.111548 0 0)
(0.11176 0 0)
(0.111972 0 0)
(0.112183 0 0)
(0.112395 0 0)
(0.112607 0 0)
(0.112818 0 0)
(0.11303 0 0)
(0.113242 0 0)
(0.113453 0 0)
(0.113665 0 0)
(0.113877 0 0)
(0.114088 0 0)
(0.1143 0 0)
(0.114512 0 0)
(0.114723 0 0)
(0.114935 0 0)
(0.115147 0 0)
(0.115358 0 0)
(0.11557 0 0)
(0.115782 0 0)
(0.115993 0 0)
(0.116205 0 0)
(0.116417 0 0)
(0.116628 0 0)
(0.11684 0 0)
(0.117052 0 0)
(0.117263 0 0)
(0.117475 0 0)
(0.117687 0 0)
(0.117898 0 0)
(0.11811 0 0)
(0.118322 0 0)
(0.118533 0 0)
(0.118745 0 0)
(0.118957 0 0)
(0.119168 0 0)
(0.11938 0 0)
(0.119592 0 0)
(0.119803 0 0)
(0.120015 0 0)
(0.120227 0 0)
(0.120438 0 0)
(0.12065 0 0)
(0.120862 0 0)
(0.121073 0 0)
(0.121285 0 0)
(0.121497 0 0)
(0.121708 0 0)
(0.12192 0 0)
(0.122132 0 0)
(0.122343 0 0)
(0.122555 0 0)
(0.122767 0 0)
(0.122978 0 0)
(0.12319 0 0)
(0.123402 0 0)
(0.123613 0 0)
(0.123825 0 0)
(0.124037 0 0)
(0.124248 0 0)
(0.12446 0 0)
(0.124672 0 0)
(0.124883 0 0)
(0.125095 0 0)
(0.125307 0 0)
(0.125518 0 0)
(0.12573 0 0)
(0.125942 0 0)
(0.126153 0 0)
(0.126365 0 0)
(0.126577 0 0)
(0.126788 0 0)
(0.127 0 0)
(0 0.025 0)
(0.000211667 0.025 0)
(0.000423333 0.025 0)
(0.000635 0.025 0)
(0.000846667 0.025 0)
(0.00105833 0.025 0)
(0.00127 0.025 0)
(0.00148167 0.025 0)
(0.00169333 0.025 0)
(0.001905 0.025 0)
(0.00211667 0.025 0)
(0.00232833 0.025 0)
(0.00254 0.025 0)
(0.00275167 0.025 0)
(0.00296333 0.025 0)
(0.003175 0.025 0)
(0.00338667 0.025 0)
(0.00359833 0.025 0)
(0.00381 0.025 0)
(0.00402167 0.025 0)
(0.00423333 0.025 0)
(0.004445 0.025 0)
(0.00465667 0.025 0)
(0.00486833 0.025 0)
(0.00508 0.025 0)
(0.00529167 0.025 0)
(0.00550333 0.025 0)
(0.005715 0.025 0)
(0.00592667 0.025 0)
(0.00613833 0.025 0)
(0.00635 0.025 0)
(0.00656167 0.025 0)
(0.00677333 0.025 0)
(0.006985 0.025 0)
(0.00719667 0.025 0)
(0.00740833 0.025 0)
(0.00762 0.025 0)
(0.00783167 0.025 0)
(0.00804333 0.025 0)
(0.008255 0.025 0)
(0.00846667 0.025 0)
(0.00867833 0.025 0)
(0.00889 0.025 0)
(0.00910167 0.025 0)
(0.00931333 0.025 0)
(0.009525 0.025 0)
(0.00973667 0.025 0)
(0.00994833 0.025 0)
(0.01016 0.025 0)
(0.0103717 0.025 0)
(0.0105833 0.025 0)
(0.010795 0.025 0)
(0.0110067 0.025 0)
(0.0112183 0.025 0)
(0.01143 0.025 0)
(0.0116417 0.025 0)
(0.0118533 0.025 0)
(0.012065 0.025 0)
(0.0122767 0.025 0)
(0.0124883 0.025 0)
(0.0127 0.025 0)
(0.0129117 0.025 0)
(0.0131233 0.025 0)
(0.013335 0.025 0)
(0.0135467 0.025 0)
(0.0137583 0.025 0)
(0.01397 0.025 0)
(0.0141817 0.025 0)
(0.0143933 0.025 0)
(0.014605 0.025 0)
(0.0148167 0.025 0)
(0.0150283 0.025 0)
(0.01524 0.025 0)
(0.0154517 0.025 0)
(0.0156633 0.025 0)
(0.015875 0.025 0)
(0.0160867 0.025 0)
(0.0162983 0.025 0)
(0.01651 0.025 0)
(0.0167217 0.025 0)
(0.0169333 0.025 0)
(0.017145 0.025 0)
(0.0173567 0.025 0)
(0.0175683 0.025 0)
(0.01778 0.025 0)
(0.0179917 0.025 0)
(0.0182033 0.025 0)
(0.018415 0.025 0)
(0.0186267 0.025 0)
(0.0188383 0.025 0)
(0.01905 0.025 0)
(0.0192617 0.025 0)
(0.0194733 0.025 0)
(0.019685 0.025 0)
(0.0198967 0.025 0)
(0.0201083 0.025 0)
(0.02032 0.025 0)
(0.0205317 0.025 0)
(0.0207433 0.025 0)
(0.020955 0.025 0)
(0.0211667 0.025 0)
(0.0213783 0.025 0)
(0.02159 0.025 0)
(0.0218017 0.025 0)
(0.0220133 0.025 0)
(0.022225 0.025 0)
(0.0224367 0.025 0)
(0.0226483 0.025 0)
(0.02286 0.025 0)
(0.0230717 0.025 0)
(0.0232833 0.025 0)
(0.023495 0.025 0)
(0.0237067 0.025 0)
(0.0239183 0.025 0)
(0.02413 0.025 0)
(0.0243417 0.025 0)
(0.0245533 0.025 0)
(0.024765 0.025 0)
(0.0249767 0.025 0)
(0.0251883 0.025 0)
(0.0254 0.025 0)
(0.0256117 0.025 0)
(0.0258233 0.025 0)
(0.026035 0.025 0)
(0.0262467 0.025 0)
(0.0264583 0.025 0)
(0.02667 0.025 0)
(0.0268817 0.025 0)
(0.0270933 0.025 0)
(0.027305 0.025 0)
(0.0275167 0.025 0)
(0.0277283 0.025 0)
(0.02794 0.025 0)
(0.0281517 0.025 0)
(0.0283633 0.025 0)
(0.028575 0.025 0)
(0.0287867 0.025 0)
(0.0289983 0.025 0)
(0.02921 0.025 0)
(0.0294217 0.025 0)
(0.0296333 0.025 0)
(0.029845 0.025 0)
(0.0300567 0.025 0)
(0.0302683 0.025 0)
(0.03048 0.025 0)
(0.0306917 0.025 0)
(0.0309033 0.025 0)
(0.031115 0.025 0)
(0.0313267 0.025 0)
(0.0315383 0.025 0)
(0.03175 0.025 0)
(0.0319617 0.025 0)
(0.0321733 0.025 0)
(0.032385 0.025 0)
(0.0325967 0.025 0)
(0.0328083 0.025 0)
(0.03302 0.025 0)
(0.0332317 0.025 0)
(0.0334433 0.025 0)
(0.033655 0.025 0)
(0.0338667 0.025 0)
(0.0340783 0.025 0)
(0.03429 0.025 0)
(0.0345017 0.025 0)
(0.0347133 0.025 0)
(0.034925 0.025 0)
(0.0351367 0.025 0)
(0.0353483 0.025 0)
(0.03556 0.025 0)
(0.0357717 0.025 0)
(0.0359833 0.025 0)
(0.036195 0.025 0)
(0.0364067 0.025 0)
(0.0366183 0.025 0)
(0.03683 0.025 0)
(0.0370417 0.025 0)
(0.0372533 0.025 0)
(0.037465 0.025 0)
(0.0376767 0.025 0)
(0.0378883 0.025 0)
(0.0381 0.025 0)
(0.0383117 0.025 0)
(0.0385233 0.025 0)
(0.038735 0.025 0)
(0.0389467 0.025 0)
(0.0391583 0.025 0)
(0.03937 0.025 0)
(0.0395817 0.025 0)
(0.0397933 0.025 0)
(0.040005 0.025 0)
(0.0402167 0.025 0)
(0.0404283 0.025 0)
(0.04064 0.025 0)
(0.0408517 0.025 0)
(0.0410633 0.025 0)
(0.041275 0.025 0)
(0.0414867 0.025 0)
(0.0416983 0.025 0)
(0.04191 0.025 0)
(0.0421217 0.025 0)
(0.0423333 0.025 0)
(0.042545 0.025 0)
(0.0427567 0.025 0)
(0.0429683 0.025 0)
(0.04318 0.025 0)
(0.0433917 0.025 0)
(0.0436033 0.025 0)
(0.043815 0.025 0)
(0.0440267 0.025 0)
(0.0442383 0.025 0)
(0.04445 0.025 0)
(0.0446617 0.025 0)
(0.0448733 0.025 0)
(0.045085 0.025 0)
(0.0452967 0.025 0)
(0.0455083 0.025 0)
(0.04572 0.025 0)
(0.0459317 0.025 0)
(0.0461433 0.025 0)
(0.046355 0.025 0)
(0.0465667 0.025 0)
(0.0467783 0.025 0)
(0.04699 0.025 0)
(0.0472017 0.025 0)
(0.0474133 0.025 0)
(0.047625 0.025 0)
(0.0478367 0.025 0)
(0.0480483 0.025 0)
(0.04826 0.025 0)
(0.0484717 0.025 0)
(0.0486833 0.025 0)
(0.048895 0.025 0)
(0.0491067 0.025 0)
(0.0493183 0.025 0)
(0.04953 0.025 0)
(0.0497417 0.025 0)
(0.0499533 0.025 0)
(0.050165 0.025 0)
(0.0503767 0.025 0)
(0.0505883 0.025 0)
(0.0508 0.025 0)
(0.0510117 0.025 0)
(0.0512233 0.025 0)
(0.051435 0.025 0)
(0.0516467 0.025 0)
(0.0518583 0.025 0)
(0.05207 0.025 0)
(0.0522817 0.025 0)
(0.0524933 0.025 0)
(0.052705 0.025 0)
(0.0529167 0.025 0)
(0.0531283 0.025 0)
(0.05334 0.025 0)
(0.0535517 0.025 0)
(0.0537633 0.025 0)
(0.053975 0.025 0)
(0.0541867 0.025 0)
(0.0543983 0.025 0)
(0.05461 0.025 0)
(0.0548217 0.025 0)
(0.0550333 0.025 0)
(0.055245 0.025 0)
(0.0554567 0.025 0)
(0.0556683 0.025 0)
(0.05588 0.025 0)
(0.0560917 0.025 0)
(0.0563033 0.025 0)
(0.056515 0.025 0)
(0.0567267 0.025 0)
(0.0569383 0.025 0)
(0.05715 0.025 0)
(0.0573617 0.025 0)
(0.0575733 0.025 0)
(0.057785 0.025 0)
(0.0579967 0.025 0)
(0.0582083 0.025 0)
(0.05842 0.025 0)
(0.0586317 0.025 0)
(0.0588433 0.025 0)
(0.059055 0.025 0)
(0.0592667 0.025 0)
(0.0594783 0.025 0)
(0.05969 0.025 0)
(0.0599017 0.025 0)
(0.0601133 0.025 0)
(0.060325 0.025 0)
(0.0605367 0.025 0)
(0.0607483 0.025 0)
(0.06096 0.025 0)
(0.0611717 0.025 0)
(0.0613833 0.025 0)
(0.061595 0.025 0)
(0.0618067 0.025 0)
(0.0620183 0.025 0)
(0.06223 0.025 0)
(0.0624417 0.025 0)
(0.0626533 0.025 0)
(0.062865 0.025 0)
(0.0630767 0.025 0)
(0.0632883 0.025 0)
(0.0635 0.025 0)
(0.0637117 0.025 0)
(0.0639233 0.025 0)
(0.064135 0.025 0)
(0.0643467 0.025 0)
(0.0645583 0.025 0)
(0.06477 0.025 0)
(0.0649817 0.025 0)
(0.0651933 0.025 0)
(0.065405 0.025 0)
(0.0656167 0.025 0)
(0.0658283 0.025 0)
(0.06604 0.025 0)
(0.0662517 0.025 0)
(0.0664633 0.025 0)
(0.066675 0.025 0)
(0.0668867 0.025 0)
(0.0670983 0.025 0)
(0.06731 0.025 0)
(0.0675217 0.025 0)
(0.0677333 0.025 0)
(0.067945 0.025 0)
(0.0681567 0.025 0)
(0.0683683 0.025 0)
(0.06858 0.025 0)
(0.0687917 0.025 0)
(0.0690033 0.025 0)
(0.069215 0.025 0)
(0.0694267 0.025 0)
(0.0696383 0.025 0)
(0.06985 0.025 0)
(0.0700617 0.025 0)
(0.0702733 0.025 0)
(0.070485 0.025 0)
(0.0706967 0.025 0)
(0.0709083 0.025 0)
(0.07112 0.025 0)
(0.0713317 0.025 0)
(0.0715433 0.025 0)
(0.071755 0.025 0)
(0.0719667 0.025 0)
(0.0721783 0.025 0)
(0.07239 0.025 0)
(0.0726017 0.025 0)
(0.0728133 0.025 0)
(0.073025 0.025 0)
(0.0732367 0.025 0)
(0.0734483 0.025 0)
(0.07366 0.025 0)
(0.0738717 0.025 0)
(0.0740833 0.025 0)
(0.074295 0.025 0)
(0.0745067 0.025 0)
(0.0747183 0.025 0)
(0.07493 0.025 0)
(0.0751417 0.025 0)
(0.0753533 0.025 0)
(0.075565 0.025 0)
(0.0757767 0.025 0)
(0.0759883 0.025 0)
(0.0762 0.025 0)
(0.0764117 0.025 0)
(0.0766233 0.025 0)
(0.076835 0.025 0)
(0.0770467 0.025 0)
(0.0772583 0.025 0)
(0.07747 0.025 0)
(0.0776817 0.025 0)
(0.0778933 0.025 0)
(0.078105 0.025 0)
(0.0783167 0.025 0)
(0.0785283 0.025 0)
(0.07874 0.025 0)
(0.0789517 0.025 0)
(0.0791633 0.025 0)
(0.079375 0.025 0)
(0.0795867 0.025 0)
(0.0797983 0.025 0)
(0.08001 0.025 0)
(0.0802217 0.025 0)
(0.0804333 0.025 0)
(0.080645 0.025 0)
(0.0808567 0.025 0)
(0.0810683 0.025 0)
(0.08128 0.025 0)
(0.0814917 0.025 0)
(0.0817033 0.025 0)
(0.081915 0.025 0)
(0.0821267 0.025 0)
(0.0823383 0.025 0)
(0.08255 0.025 0)
(0.0827617 0.025 0)
(0.0829733 0.025 0)
(0.083185 0.025 0)
(0.0833967 0.025 0)
(0.0836083 0.025 0)
(0.08382 0.025 0)
(0.0840317 0.025 0)
(0.0842433 0.025 0)
(0.084455 0.025 0)
(0.0846667 0.025 0)
(0.0848783 0.025 0)
(0.08509 0.025 0)
(0.0853017 0.025 0)
(0.0855133 0.025 0)
(0.085725 0.025 0)
(0.0859367 0.025 0)
(0.0861483 0.025 0)
(0.08636 0.025 0)
(0.0865717 0.025 0)
(0.0867833 0.025 0)
(0.086995 0.025 0)
(0.0872067 0.025 0)
(0.0874183 0.025 0)
(0.08763 0.025 0)
(0.0878417 0.025 0)
(0.0880533 0.025 0)
(0.088265 0.025 0)
(0.0884767 0.025 0)
(0.0886883 0.025 0)
(0.0889 0.025 0)
(0.0891117 0.025 0)
(0.0893233 0.025 0)
(0.089535 0.025 0)
(0.0897467 0.025 0)
(0.0899583 0.025 0)
(0.09017 0.025 0)
(0.0903817 0.025 0)
(0.0905933 0.025 0)
(0.090805 0.025 0)
(0.0910167 0.025 0)
(0.0912283 0.025 0)
(0.09144 0.025 0)
(0.0916517 0.025 0)
(0.0918633 0.025 0)
(0.092075 0.025 0)
(0.0922867 0.025 0)
(0.0924983 0.025 0)
(0.09271 0.025 0)
(0.0929217 0.025 0)
(0.0931333 0.025 0)
(0.093345 0.025 0)
(0.0935567 0.025 0)
(0.0937683 0.025 0)
(0.09398 0.025 0)
(0.0941917 0.025 0)
(0.0944033 0.025 0)
(0.094615 0.025 0)
(0.0948267 0.025 0)
(0.0950383 0.025 0)
(0.09525 0.025 0)
(0.0954617 0.025 0)
(0.0956733 0.025 0)
(0.095885 0.025 0)
(0.0960967 0.025 0)
(0.0963083 0.025 0)
(0.09652 0.025 0)
(0.0967317 0.025 0)
(0.0969433 0.025 0)
(0.097155 0.025 0)
(0.0973667 0.025 0)
(0.0975783 0.025 0)
(0.09779 0.025 0)
(0.0980017 0.025 0)
(0.0982133 0.025 0)
(0.098425 0.025 0)
(0.0986367 0.025 0)
(0.0988483 0.025 0)
(0.09906 0.025 0)
(0.0992717 0.025 0)
(0.0994833 0.025 0)
(0.099695 0.025 0)
(0.0999067 0.025 0)
(0.100118 0.025 0)
(0.10033 0.025 0)
(0.100542 0.025 0)
(0.100753 0.025 0)
(0.100965 0.025 0)
(0.101177 0.025 0)
(0.101388 0.025 0)
(0.1016 0.025 0)
(0.101812 0.025 0)
(0.102023 0.025 0)
(0.102235 0.025 0)
(0.102447 0.025 0)
(0.102658 0.025 0)
(0.10287 0.025 0)
(0.103082 0.025 0)
(0.103293 0.025 0)
(0.103505 0.025 0)
(0.103717 0.025 0)
(0.103928 0.025 0)
(0.10414 0.025 0)
(0.104352 0.025 0)
(0.104563 0.025 0)
(0.104775 0.025 0)
(0.104987 0.025 0)
(0.105198 0.025 0)
(0.10541 0.025 0)
(0.105622 0.025 0)
(0.105833 0.025 0)
(0.106045 0.025 0)
(0.106257 0.025 0)
(0.106468 0.025 0)
(0.10668 0.025 0)
(0.106892 0.025 0)
(0.107103 0.025 0)
(0.107315 0.025 0)
(0.107527 0.025 0)
(0.107738 0.025 0)
(0.10795 0.025 0)
(0.108162 0.025 0)
(0.108373 0.025 0)
(0.108585 0.025 0)
(0.108797 0.025 0)
(0.109008 0.025 0)
(0.10922 0.025 0)
(0.109432 0.025 0)
(0.109643 0.025 0)
(0.109855 0.025 0)
(0.110067 0.025 0)
(0.110278 0.025 0)
(0.11049 0.025 0)
(0.110702 0.025 0)
(0.110913 0.025 0)
(0.111125 0.025 0)
(0.111337 0.025 0)
(0.111548 0.025 0)
(0.11176 0.025 0)
(0.111972 0.025 0)
(0.112183 0.025 0)
(0.112395 0.025 0)
(0.112607 0.025 0)
(0.112818 0.025 0)
(0.11303 0.025 0)
(0.113242 0.025 0)
(0.113453 0.025 0)
(0.113665 0.025 0)
(0.113877 0.025 0)
(0.114088 0.025 0)
(0.1143 0.025 0)
(0.114512 0.025 0)
(0.114723 0.025 0)
(0.114935 0.025 0)
(0.115147 0.025 0)
(0.115358 0.025 0)
(0.11557 0.025 0)
(0.115782 0.025 0)
(0.115993 0.025 0)
(0.116205 0.025 0)
(0.116417 0.025 0)
(0.116628 0.025 0)
(0.11684 0.025 0)
(0.117052 0.025 0)
(0.117263 0.025 0)
(0.117475 0.025 0)
(0.117687 0.025 0)
(0.117898 0.025 0)
(0.11811 0.025 0)
(0.118322 0.025 0)
(0.118533 0.025 0)
(0.118745 0.025 0)
(0.118957 0.025 0)
(0.119168 0.025 0)
(0.11938 0.025 0)
(0.119592 0.025 0)
(0.119803 0.025 0)
(0.120015 0.025 0)
(0.120227 0.025 0)
(0.120438 0.025 0)
(0.12065 0.025 0)
(0.120862 0.025 0)
(0.121073 0.025 0)
(0.121285 0.025 0)
(0.121497 0.025 0)
(0.121708 0.025 0)
(0.12192 0.025 0)
(0.122132 0.025 0)
(0.122343 0.025 0)
(0.122555 0.025 0)
(0.122767 0.025 0)
(0.122978 0.025 0)
(0.12319 0.025 0)
(0.123402 0.025 0)
(0.123613 0.025 0)
(0.123825 0.025 0)
(0.124037 0.025 0)
(0.124248 0.025 0)
(0.12446 0.025 0)
(0.124672 0.025 0)
(0.124883 0.025 0)
(0.125095 0.025 0)
(0.125307 0.025 0)
(0.125518 0.025 0)
(0.12573 0.025 0)
(0.125942 0.025 0)
(0.126153 0.025 0)
(0.126365 0.025 0)
(0.126577 0.025 0)
(0.126788 0.025 0)
(0.127 0.025 0)
(0 0 0.001)
(0.000211667 0 0.001)
(0.000423333 0 0.001)
(0.000635 0 0.001)
(0.000846667 0 0.001)
(0.00105833 0 0.001)
(0.00127 0 0.001)
(0.00148167 0 0.001)
(0.00169333 0 0.001)
(0.001905 0 0.001)
(0.00211667 0 0.001)
(0.00232833 0 0.001)
(0.00254 0 0.001)
(0.00275167 0 0.001)
(0.00296333 0 0.001)
(0.003175 0 0.001)
(0.00338667 0 0.001)
(0.00359833 0 0.001)
(0.00381 0 0.001)
(0.00402167 0 0.001)
(0.00423333 0 0.001)
(0.004445 0 0.001)
(0.00465667 0 0.001)
(0.00486833 0 0.001)
(0.00508 0 0.001)
(0.00529167 0 0.001)
(0.00550333 0 0.001)
(0.005715 0 0.001)
(0.00592667 0 0.001)
(0.00613833 0 0.001)
(0.00635 0 0.001)
(0.00656167 0 0.001)
(0.00677333 0 0.001)
(0.006985 0 0.001)
(0.00719667 0 0.001)
(0.00740833 0 0.001)
(0.00762 0 0.001)
(0.00783167 0 0.001)
(0.00804333 0 0.001)
(0.008255 0 0.001)
(0.00846667 0 0.001)
(0.00867833 0 0.001)
(0.00889 0 0.001)
(0.00910167 0 0.001)
(0.00931333 0 0.001)
(0.009525 0 0.001)
(0.00973667 0 0.001)
(0.00994833 0 0.001)
(0.01016 0 0.001)
(0.0103717 0 0.001)
(0.0105833 0 0.001)
(0.010795 0 0.001)
(0.0110067 0 0.001)
(0.0112183 0 0.001)
(0.01143 0 0.001)
(0.0116417 0 0.001)
(0.0118533 0 0.001)
(0.012065 0 0.001)
(0.0122767 0 0.001)
(0.0124883 0 0.001)
(0.0127 0 0.001)
(0.0129117 0 0.001)
(0.0131233 0 0.001)
(0.013335 0 0.001)
(0.0135467 0 0.001)
(0.0137583 0 0.001)
(0.01397 0 0.001)
(0.0141817 0 0.001)
(0.0143933 0 0.001)
(0.014605 0 0.001)
(0.0148167 0 0.001)
(0.0150283 0 0.001)
(0.01524 0 0.001)
(0.0154517 0 0.001)
(0.0156633 0 0.001)
(0.015875 0 0.001)
(0.0160867 0 0.001)
(0.0162983 0 0.001)
(0.01651 0 0.001)
(0.0167217 0 0.001)
(0.0169333 0 0.001)
(0.017145 0 0.001)
(0.0173567 0 0.001)
(0.0175683 0 0.001)
(0.01778 0 0.001)
(0.0179917 0 0.001)
(0.0182033 0 0.001)
(0.018415 0 0.001)
(0.0186267 0 0.001)
(0.0188383 0 0.001)
(0.01905 0 0.001)
(0.0192617 0 0.001)
(0.0194733 0 0.001)
(0.019685 0 0.001)
(0.0198967 0 0.001)
(0.0201083 0 0.001)
(0.02032 0 0.001)
(0.0205317 0 0.001)
(0.0207433 0 0.001)
(0.020955 0 0.001)
(0.0211667 0 0.001)
(0.0213783 0 0.001)
(0.02159 0 0.001)
(0.0218017 0 0.001)
(0.0220133 0 0.001)
(0.022225 0 0.001)
(0.0224367 0 0.001)
(0.0226483 0 0.001)
(0.02286 0 0.001)
(0.0230717 0 0.001)
(0.0232833 0 0.001)
(0.023495 0 0.001)
(0.0237067 0 0.001)
(0.0239183 0 0.001)
(0.02413 0 0.001)
(0.0243417 0 0.001)
(0.0245533 0 0.001)
(0.024765 0 0.001)
(0.0249767 0 0.001)
(0.0251883 0 0.001)
(0.0254 0 0.001)
(0.0256117 0 0.001)
(0.0258233 0 0.001)
(0.026035 0 0.001)
(0.0262467 0 0.001)
(0.0264583 0 0.001)
(0.02667 0 0.001)
(0.0268817 0 0.001)
(0.0270933 0 0.001)
(0.027305 0 0.001)
(0.0275167 0 0.001)
(0.0277283 0 0.001)
(0.02794 0 0.001)
(0.0281517 0 0.001)
(0.0283633 0 0.001)
(0.028575 0 0.001)
(0.0287867 0 0.001)
(0.0289983 0 0.001)
(0.02921 0 0.001)
(0.0294217 0 0.001)
(0.0296333 0 0.001)
(0.029845 0 0.001)
(0.0300567 0 0.001)
(0.0302683 0 0.001)
(0.03048 0 0.001)
(0.0306917 0 0.001)
(0.0309033 0 0.001)
(0.031115 0 0.001)
(0.0313267 0 0.001)
(0.0315383 0 0.001)
(0.03175 0 0.001)
(0.0319617 0 0.001)
(0.0321733 0 0.001)
(0.032385 0 0.001)
(0.0325967 0 0.001)
(0.0328083 0 0.001)
(0.03302 0 0.001)
(0.0332317 0 0.001)
(0.0334433 0 0.001)
(0.033655 0 0.001)
(0.0338667 0 0.001)
(0.0340783 0 0.001)
(0.03429 0 0.001)
(0.0345017 0 0.001)
(0.0347133 0 0.001)
(0.034925 0 0.001)
(0.0351367 0 0.001)
(0.0353483 0 0.001)
(0.03556 0 0.001)
(0.0357717 0 0.001)
(0.0359833 0 0.001)
(0.036195 0 0.001)
(0.0364067 0 0.001)
(0.0366183 0 0.001)
(0.03683 0 0.001)
(0.0370417 0 0.001)
(0.0372533 0 0.001)
(0.037465 0 0.001)
(0.0376767 0 0.001)
(0.0378883 0 0.001)
(0.0381 0 0.001)
(0.0383117 0 0.001)
(0.0385233 0 0.001)
(0.038735 0 0.001)
(0.0389467 0 0.001)
(0.0391583 0 0.001)
(0.03937 0 0.001)
(0.0395817 0 0.001)
(0.0397933 0 0.001)
(0.040005 0 0.001)
(0.0402167 0 0.001)
(0.0404283 0 0.001)
(0.04064 0 0.001)
(0.0408517 0 0.001)
(0.0410633 0 0.001)
(0.041275 0 0.001)
(0.0414867 0 0.001)
(0.0416983 0 0.001)
(0.04191 0 0.001)
(0.0421217 0 0.001)
(0.0423333 0 0.001)
(0.042545 0 0.001)
(0.0427567 0 0.001)
(0.0429683 0 0.001)
(0.04318 0 0.001)
(0.0433917 0 0.001)
(0.0436033 0 0.001)
(0.043815 0 0.001)
(0.0440267 0 0.001)
(0.0442383 0 0.001)
(0.04445 0 0.001)
(0.0446617 0 0.001)
(0.0448733 0 0.001)
(0.045085 0 0.001)
(0.0452967 0 0.001)
(0.0455083 0 0.001)
(0.04572 0 0.001)
(0.0459317 0 0.001)
(0.0461433 0 0.001)
(0.046355 0 0.001)
(0.0465667 0 0.001)
(0.0467783 0 0.001)
(0.04699 0 0.001)
(0.0472017 0 0.001)
(0.0474133 0 0.001)
(0.047625 0 0.001)
(0.0478367 0 0.001)
(0.0480483 0 0.001)
(0.04826 0 0.001)
(0.0484717 0 0.001)
(0.0486833 0 0.001)
(0.048895 0 0.001)
(0.0491067 0 0.001)
(0.0493183 0 0.001)
(0.04953 0 0.001)
(0.0497417 0 0.001)
(0.0499533 0 0.001)
(0.050165 0 0.001)
(0.0503767 0 0.001)
(0.0505883 0 0.001)
(0.0508 0 0.001)
(0.0510117 0 0.001)
(0.0512233 0 0.001)
(0.051435 0 0.001)
(0.0516467 0 0.001)
(0.0518583 0 0.001)
(0.05207 0 0.001)
(0.0522817 0 0.001)
(0.0524933 0 0.001)
(0.052705 0 0.001)
(0.0529167 0 0.001)
(0.0531283 0 0.001)
(0.05334 0 0.001)
(0.0535517 0 0.001)
(0.0537633 0 0.001)
(0.053975 0 0.001)
(0.0541867 0 0.001)
(0.0543983 0 0.001)
(0.05461 0 0.001)
(0.0548217 0 0.001)
(0.0550333 0 0.001)
(0.055245 0 0.001)
(0.0554567 0 0.001)
(0.0556683 0 0.001)
(0.05588 0 0.001)
(0.0560917 0 0.001)
(0.0563033 0 0.001)
(0.056515 0 0.001)
(0.0567267 0 0.001)
(0.0569383 0 0.001)
(0.05715 0 0.001)
(0.0573617 0 0.001)
(0.0575733 0 0.001)
(0.057785 0 0.001)
(0.0579967 0 0.001)
(0.0582083 0 0.001)
(0.05842 0 0.001)
(0.0586317 0 0.001)
(0.0588433 0 0.001)
(0.059055 0 0.001)
(0.0592667 0 0.001)
(0.0594783 0 0.001)
(0.05969 0 0.001)
(0.0599017 0 0.001)
(0.0601133 0 0.001)
(0.060325 0 0.001)
(0.0605367 0 0.001)
(0.0607483 0 0.001)
(0.06096 0 0.001)
(0.0611717 0 0.001)
(0.0613833 0 0.001)
(0.061595 0 0.001)
(0.0618067 0 0.001)
(0.0620183 0 0.001)
(0.06223 0 0.001)
(0.0624417 0 0.001)
(0.0626533 0 0.001)
(0.062865 0 0.001)
(0.0630767 0 0.001)
(0.0632883 0 0.001)
(0.0635 0 0.001)
(0.0637117 0 0.001)
(0.0639233 0 0.001)
(0.064135 0 0.001)
(0.0643467 0 0.001)
(0.0645583 0 0.001)
(0.06477 0 0.001)
(0.0649817 0 0.001)
(0.0651933 0 0.001)
(0.065405 0 0.001)
(0.0656167 0 0.001)
(0.0658283 0 0.001)
(0.06604 0 0.001)
(0.0662517 0 0.001)
(0.0664633 0 0.001)
(0.066675 0 0.001)
(0.0668867 0 0.001)
(0.0670983 0 0.001)
(0.06731 0 0.001)
(0.0675217 0 0.001)
(0.0677333 0 0.001)
(0.067945 0 0.001)
(0.0681567 0 0.001)
(0.0683683 0 0.001)
(0.06858 0 0.001)
(0.0687917 0 0.001)
(0.0690033 0 0.001)
(0.069215 0 0.001)
(0.0694267 0 0.001)
(0.0696383 0 0.001)
(0.06985 0 0.001)
(0.0700617 0 0.001)
(0.0702733 0 0.001)
(0.070485 0 0.001)
(0.0706967 0 0.001)
(0.0709083 0 0.001)
(0.07112 0 0.001)
(0.0713317 0 0.001)
(0.0715433 0 0.001)
(0.071755 0 0.001)
(0.0719667 0 0.001)
(0.0721783 0 0.001)
(0.07239 0 0.001)
(0.0726017 0 0.001)
(0.0728133 0 0.001)
(0.073025 0 0.001)
(0.0732367 0 0.001)
(0.0734483 0 0.001)
(0.07366 0 0.001)
(0.0738717 0 0.001)
(0.0740833 0 0.001)
(0.074295 0 0.001)
(0.0745067 0 0.001)
(0.0747183 0 0.001)
(0.07493 0 0.001)
(0.0751417 0 0.001)
(0.0753533 0 0.001)
(0.075565 0 0.001)
(0.0757767 0 0.001)
(0.0759883 0 0.001)
(0.0762 0 0.001)
(0.0764117 0 0.001)
(0.0766233 0 0.001)
(0.076835 0 0.001)
(0.0770467 0 0.001)
(0.0772583 0 0.001)
(0.07747 0 0.001)
(0.0776817 0 0.001)
(0.0778933 0 0.001)
(0.078105 0 0.001)
(0.0783167 0 0.001)
(0.0785283 0 0.001)
(0.07874 0 0.001)
(0.0789517 0 0.001)
(0.0791633 0 0.001)
(0.079375 0 0.001)
(0.0795867 0 0.001)
(0.0797983 0 0.001)
(0.08001 0 0.001)
(0.0802217 0 0.001)
(0.0804333 0 0.001)
(0.080645 0 0.001)
(0.0808567 0 0.001)
(0.0810683 0 0.001)
(0.08128 0 0.001)
(0.0814917 0 0.001)
(0.0817033 0 0.001)
(0.081915 0 0.001)
(0.0821267 0 0.001)
(0.0823383 0 0.001)
(0.08255 0 0.001)
(0.0827617 0 0.001)
(0.0829733 0 0.001)
(0.083185 0 0.001)
(0.0833967 0 0.001)
(0.0836083 0 0.001)
(0.08382 0 0.001)
(0.0840317 0 0.001)
(0.0842433 0 0.001)
(0.084455 0 0.001)
(0.0846667 0 0.001)
(0.0848783 0 0.001)
(0.08509 0 0.001)
(0.0853017 0 0.001)
(0.0855133 0 0.001)
(0.085725 0 0.001)
(0.0859367 0 0.001)
(0.0861483 0 0.001)
(0.08636 0 0.001)
(0.0865717 0 0.001)
(0.0867833 0 0.001)
(0.086995 0 0.001)
(0.0872067 0 0.001)
(0.0874183 0 0.001)
(0.08763 0 0.001)
(0.0878417 0 0.001)
(0.0880533 0 0.001)
(0.088265 0 0.001)
(0.0884767 0 0.001)
(0.0886883 0 0.001)
(0.0889 0 0.001)
(0.0891117 0 0.001)
(0.0893233 0 0.001)
(0.089535 0 0.001)
(0.0897467 0 0.001)
(0.0899583 0 0.001)
(0.09017 0 0.001)
(0.0903817 0 0.001)
(0.0905933 0 0.001)
(0.090805 0 0.001)
(0.0910167 0 0.001)
(0.0912283 0 0.001)
(0.09144 0 0.001)
(0.0916517 0 0.001)
(0.0918633 0 0.001)
(0.092075 0 0.001)
(0.0922867 0 0.001)
(0.0924983 0 0.001)
(0.09271 0 0.001)
(0.0929217 0 0.001)
(0.0931333 0 0.001)
(0.093345 0 0.001)
(0.0935567 0 0.001)
(0.0937683 0 0.001)
(0.09398 0 0.001)
(0.0941917 0 0.001)
(0.0944033 0 0.001)
(0.094615 0 0.001)
(0.0948267 0 0.001)
(0.0950383 0 0.001)
(0.09525 0 0.001)
(0.0954617 0 0.001)
(0.0956733 0 0.001)
(0.095885 0 0.001)
(0.0960967 0 0.001)
(0.0963083 0 0.001)
(0.09652 0 0.001)
(0.0967317 0 0.001)
(0.0969433 0 0.001)
(0.097155 0 0.001)
(0.0973667 0 0.001)
(0.0975783 0 0.001)
(0.09779 0 0.001)
(0.0980017 0 0.001)
(0.0982133 0 0.001)
(0.098425 0 0.001)
(0.0986367 0 0.001)
(0.0988483 0 0.001)
(0.09906 0 0.001)
(0.0992717 0 0.001)
(0.0994833 0 0.001)
(0.099695 0 0.001)
(0.0999067 0 0.001)
(0.100118 0 0.001)
(0.10033 0 0.001)
(0.100542 0 0.001)
(0.100753 0 0.001)
(0.100965 0 0.001)
(0.101177 0 0.001)
(0.101388 0 0.001)
(0.1016 0 0.001)
(0.101812 0 0.001)
(0.102023 0 0.001)
(0.102235 0 0.001)
(0.102447 0 0.001)
(0.102658 0 0.001)
(0.10287 0 0.001)
(0.103082 0 0.001)
(0.103293 0 0.001)
(0.103505 0 0.001)
(0.103717 0 0.001)
(0.103928 0 0.001)
(0.10414 0 0.001)
(0.104352 0 0.001)
(0.104563 0 0.001)
(0.104775 0 0.001)
(0.104987 0 0.001)
(0.105198 0 0.001)
(0.10541 0 0.001)
(0.105622 0 0.001)
(0.105833 0 0.001)
(0.106045 0 0.001)
(0.106257 0 0.001)
(0.106468 0 0.001)
(0.10668 0 0.001)
(0.106892 0 0.001)
(0.107103 0 0.001)
(0.107315 0 0.001)
(0.107527 0 0.001)
(0.107738 0 0.001)
(0.10795 0 0.001)
(0.108162 0 0.001)
(0.108373 0 0.001)
(0.108585 0 0.001)
(0.108797 0 0.001)
(0.109008 0 0.001)
(0.10922 0 0.001)
(0.109432 0 0.001)
(0.109643 0 0.001)
(0.109855 0 0.001)
(0.110067 0 0.001)
(0.110278 0 0.001)
(0.11049 0 0.001)
(0.110702 0 0.001)
(0.110913 0 0.001)
(0.111125 0 0.001)
(0.111337 0 0.001)
(0.111548 0 0.001)
(0.11176 0 0.001)
(0.111972 0 0.001)
(0.112183 0 0.001)
(0.112395 0 0.001)
(0.112607 0 0.001)
(0.112818 0 0.001)
(0.11303 0 0.001)
(0.113242 0 0.001)
(0.113453 0 0.001)
(0.113665 0 0.001)
(0.113877 0 0.001)
(0.114088 0 0.001)
(0.1143 0 0.001)
(0.114512 0 0.001)
(0.114723 0 0.001)
(0.114935 0 0.001)
(0.115147 0 0.001)
(0.115358 0 0.001)
(0.11557 0 0.001)
(0.115782 0 0.001)
(0.115993 0 0.001)
(0.116205 0 0.001)
(0.116417 0 0.001)
(0.116628 0 0.001)
(0.11684 0 0.001)
(0.117052 0 0.001)
(0.117263 0 0.001)
(0.117475 0 0.001)
(0.117687 0 0.001)
(0.117898 0 0.001)
(0.11811 0 0.001)
(0.118322 0 0.001)
(0.118533 0 0.001)
(0.118745 0 0.001)
(0.118957 0 0.001)
(0.119168 0 0.001)
(0.11938 0 0.001)
(0.119592 0 0.001)
(0.119803 0 0.001)
(0.120015 0 0.001)
(0.120227 0 0.001)
(0.120438 0 0.001)
(0.12065 0 0.001)
(0.120862 0 0.001)
(0.121073 0 0.001)
(0.121285 0 0.001)
(0.121497 0 0.001)
(0.121708 0 0.001)
(0.12192 0 0.001)
(0.122132 0 0.001)
(0.122343 0 0.001)
(0.122555 0 0.001)
(0.122767 0 0.001)
(0.122978 0 0.001)
(0.12319 0 0.001)
(0.123402 0 0.001)
(0.123613 0 0.001)
(0.123825 0 0.001)
(0.124037 0 0.001)
(0.124248 0 0.001)
(0.12446 0 0.001)
(0.124672 0 0.001)
(0.124883 0 0.001)
(0.125095 0 0.001)
(0.125307 0 0.001)
(0.125518 0 0.001)
(0.12573 0 0.001)
(0.125942 0 0.001)
(0.126153 0 0.001)
(0.126365 0 0.001)
(0.126577 0 0.001)
(0.126788 0 0.001)
(0.127 0 0.001)
(0 0.025 0.001)
(0.000211667 0.025 0.001)
(0.000423333 0.025 0.001)
(0.000635 0.025 0.001)
(0.000846667 0.025 0.001)
(0.00105833 0.025 0.001)
(0.00127 0.025 0.001)
(0.00148167 0.025 0.001)
(0.00169333 0.025 0.001)
(0.001905 0.025 0.001)
(0.00211667 0.025 0.001)
(0.00232833 0.025 0.001)
(0.00254 0.025 0.001)
(0.00275167 0.025 0.001)
(0.00296333 0.025 0.001)
(0.003175 0.025 0.001)
(0.00338667 0.025 0.001)
(0.00359833 0.025 0.001)
(0.00381 0.025 0.001)
(0.00402167 0.025 0.001)
(0.00423333 0.025 0.001)
(0.004445 0.025 0.001)
(0.00465667 0.025 0.001)
(0.00486833 0.025 0.001)
(0.00508 0.025 0.001)
(0.00529167 0.025 0.001)
(0.00550333 0.025 0.001)
(0.005715 0.025 0.001)
(0.00592667 0.025 0.001)
(0.00613833 0.025 0.001)
(0.00635 0.025 0.001)
(0.00656167 0.025 0.001)
(0.00677333 0.025 0.001)
(0.006985 0.025 0.001)
(0.00719667 0.025 0.001)
(0.00740833 0.025 0.001)
(0.00762 0.025 0.001)
(0.00783167 0.025 0.001)
(0.00804333 0.025 0.001)
(0.008255 0.025 0.001)
(0.00846667 0.025 0.001)
(0.00867833 0.025 0.001)
(0.00889 0.025 0.001)
(0.00910167 0.025 0.001)
(0.00931333 0.025 0.001)
(0.009525 0.025 0.001)
(0.00973667 0.025 0.001)
(0.00994833 0.025 0.001)
(0.01016 0.025 0.001)
(0.0103717 0.025 0.001)
(0.0105833 0.025 0.001)
(0.010795 0.025 0.001)
(0.0110067 0.025 0.001)
(0.0112183 0.025 0.001)
(0.01143 0.025 0.001)
(0.0116417 0.025 0.001)
(0.0118533 0.025 0.001)
(0.012065 0.025 0.001)
(0.0122767 0.025 0.001)
(0.0124883 0.025 0.001)
(0.0127 0.025 0.001)
(0.0129117 0.025 0.001)
(0.0131233 0.025 0.001)
(0.013335 0.025 0.001)
(0.0135467 0.025 0.001)
(0.0137583 0.025 0.001)
(0.01397 0.025 0.001)
(0.0141817 0.025 0.001)
(0.0143933 0.025 0.001)
(0.014605 0.025 0.001)
(0.0148167 0.025 0.001)
(0.0150283 0.025 0.001)
(0.01524 0.025 0.001)
(0.0154517 0.025 0.001)
(0.0156633 0.025 0.001)
(0.015875 0.025 0.001)
(0.0160867 0.025 0.001)
(0.0162983 0.025 0.001)
(0.01651 0.025 0.001)
(0.0167217 0.025 0.001)
(0.0169333 0.025 0.001)
(0.017145 0.025 0.001)
(0.0173567 0.025 0.001)
(0.0175683 0.025 0.001)
(0.01778 0.025 0.001)
(0.0179917 0.025 0.001)
(0.0182033 0.025 0.001)
(0.018415 0.025 0.001)
(0.0186267 0.025 0.001)
(0.0188383 0.025 0.001)
(0.01905 0.025 0.001)
(0.0192617 0.025 0.001)
(0.0194733 0.025 0.001)
(0.019685 0.025 0.001)
(0.0198967 0.025 0.001)
(0.0201083 0.025 0.001)
(0.02032 0.025 0.001)
(0.0205317 0.025 0.001)
(0.0207433 0.025 0.001)
(0.020955 0.025 0.001)
(0.0211667 0.025 0.001)
(0.0213783 0.025 0.001)
(0.02159 0.025 0.001)
(0.0218017 0.025 0.001)
(0.0220133 0.025 0.001)
(0.022225 0.025 0.001)
(0.0224367 0.025 0.001)
(0.0226483 0.025 0.001)
(0.02286 0.025 0.001)
(0.0230717 0.025 0.001)
(0.0232833 0.025 0.001)
(0.023495 0.025 0.001)
(0.0237067 0.025 0.001)
(0.0239183 0.025 0.001)
(0.02413 0.025 0.001)
(0.0243417 0.025 0.001)
(0.0245533 0.025 0.001)
(0.024765 0.025 0.001)
(0.0249767 0.025 0.001)
(0.0251883 0.025 0.001)
(0.0254 0.025 0.001)
(0.0256117 0.025 0.001)
(0.0258233 0.025 0.001)
(0.026035 0.025 0.001)
(0.0262467 0.025 0.001)
(0.0264583 0.025 0.001)
(0.02667 0.025 0.001)
(0.0268817 0.025 0.001)
(0.0270933 0.025 0.001)
(0.027305 0.025 0.001)
(0.0275167 0.025 0.001)
(0.0277283 0.025 0.001)
(0.02794 0.025 0.001)
(0.0281517 0.025 0.001)
(0.0283633 0.025 0.001)
(0.028575 0.025 0.001)
(0.0287867 0.025 0.001)
(0.0289983 0.025 0.001)
(0.02921 0.025 0.001)
(0.0294217 0.025 0.001)
(0.0296333 0.025 0.001)
(0.029845 0.025 0.001)
(0.0300567 0.025 0.001)
(0.0302683 0.025 0.001)
(0.03048 0.025 0.001)
(0.0306917 0.025 0.001)
(0.0309033 0.025 0.001)
(0.031115 0.025 0.001)
(0.0313267 0.025 0.001)
(0.0315383 0.025 0.001)
(0.03175 0.025 0.001)
(0.0319617 0.025 0.001)
(0.0321733 0.025 0.001)
(0.032385 0.025 0.001)
(0.0325967 0.025 0.001)
(0.0328083 0.025 0.001)
(0.03302 0.025 0.001)
(0.0332317 0.025 0.001)
(0.0334433 0.025 0.001)
(0.033655 0.025 0.001)
(0.0338667 0.025 0.001)
(0.0340783 0.025 0.001)
(0.03429 0.025 0.001)
(0.0345017 0.025 0.001)
(0.0347133 0.025 0.001)
(0.034925 0.025 0.001)
(0.0351367 0.025 0.001)
(0.0353483 0.025 0.001)
(0.03556 0.025 0.001)
(0.0357717 0.025 0.001)
(0.0359833 0.025 0.001)
(0.036195 0.025 0.001)
(0.0364067 0.025 0.001)
(0.0366183 0.025 0.001)
(0.03683 0.025 0.001)
(0.0370417 0.025 0.001)
(0.0372533 0.025 0.001)
(0.037465 0.025 0.001)
(0.0376767 0.025 0.001)
(0.0378883 0.025 0.001)
(0.0381 0.025 0.001)
(0.0383117 0.025 0.001)
(0.0385233 0.025 0.001)
(0.038735 0.025 0.001)
(0.0389467 0.025 0.001)
(0.0391583 0.025 0.001)
(0.03937 0.025 0.001)
(0.0395817 0.025 0.001)
(0.0397933 0.025 0.001)
(0.040005 0.025 0.001)
(0.0402167 0.025 0.001)
(0.0404283 0.025 0.001)
(0.04064 0.025 0.001)
(0.0408517 0.025 0.001)
(0.0410633 0.025 0.001)
(0.041275 0.025 0.001)
(0.0414867 0.025 0.001)
(0.0416983 0.025 0.001)
(0.04191 0.025 0.001)
(0.0421217 0.025 0.001)
(0.0423333 0.025 0.001)
(0.042545 0.025 0.001)
(0.0427567 0.025 0.001)
(0.0429683 0.025 0.001)
(0.04318 0.025 0.001)
(0.0433917 0.025 0.001)
(0.0436033 0.025 0.001)
(0.043815 0.025 0.001)
(0.0440267 0.025 0.001)
(0.0442383 0.025 0.001)
(0.04445 0.025 0.001)
(0.0446617 0.025 0.001)
(0.0448733 0.025 0.001)
(0.045085 0.025 0.001)
(0.0452967 0.025 0.001)
(0.0455083 0.025 0.001)
(0.04572 0.025 0.001)
(0.0459317 0.025 0.001)
(0.0461433 0.025 0.001)
(0.046355 0.025 0.001)
(0.0465667 0.025 0.001)
(0.0467783 0.025 0.001)
(0.04699 0.025 0.001)
(0.0472017 0.025 0.001)
(0.0474133 0.025 0.001)
(0.047625 0.025 0.001)
(0.0478367 0.025 0.001)
(0.0480483 0.025 0.001)
(0.04826 0.025 0.001)
(0.0484717 0.025 0.001)
(0.0486833 0.025 0.001)
(0.048895 0.025 0.001)
(0.0491067 0.025 0.001)
(0.0493183 0.025 0.001)
(0.04953 0.025 0.001)
(0.0497417 0.025 0.001)
(0.0499533 0.025 0.001)
(0.050165 0.025 0.001)
(0.0503767 0.025 0.001)
(0.0505883 0.025 0.001)
(0.0508 0.025 0.001)
(0.0510117 0.025 0.001)
(0.0512233 0.025 0.001)
(0.051435 0.025 0.001)
(0.0516467 0.025 0.001)
(0.0518583 0.025 0.001)
(0.05207 0.025 0.001)
(0.0522817 0.025 0.001)
(0.0524933 0.025 0.001)
(0.052705 0.025 0.001)
(0.0529167 0.025 0.001)
(0.0531283 0.025 0.001)
(0.05334 0.025 0.001)
(0.0535517 0.025 0.001)
(0.0537633 0.025 0.001)
(0.053975 0.025 0.001)
(0.0541867 0.025 0.001)
(0.0543983 0.025 0.001)
(0.05461 0.025 0.001)
(0.0548217 0.025 0.001)
(0.0550333 0.025 0.001)
(0.055245 0.025 0.001)
(0.0554567 0.025 0.001)
(0.0556683 0.025 0.001)
(0.05588 0.025 0.001)
(0.0560917 0.025 0.001)
(0.0563033 0.025 0.001)
(0.056515 0.025 0.001)
(0.0567267 0.025 0.001)
(0.0569383 0.025 0.001)
(0.05715 0.025 0.001)
(0.0573617 0.025 0.001)
(0.0575733 0.025 0.001)
(0.057785 0.025 0.001)
(0.0579967 0.025 0.001)
(0.0582083 0.025 0.001)
(0.05842 0.025 0.001)
(0.0586317 0.025 0.001)
(0.0588433 0.025 0.001)
(0.059055 0.025 0.001)
(0.0592667 0.025 0.001)
(0.0594783 0.025 0.001)
(0.05969 0.025 0.001)
(0.0599017 0.025 0.001)
(0.0601133 0.025 0.001)
(0.060325 0.025 0.001)
(0.0605367 0.025 0.001)
(0.0607483 0.025 0.001)
(0.06096 0.025 0.001)
(0.0611717 0.025 0.001)
(0.0613833 0.025 0.001)
(0.061595 0.025 0.001)
(0.0618067 0.025 0.001)
(0.0620183 0.025 0.001)
(0.06223 0.025 0.001)
(0.0624417 0.025 0.001)
(0.0626533 0.025 0.001)
(0.062865 0.025 0.001)
(0.0630767 0.025 0.001)
(0.0632883 0.025 0.001)
(0.0635 0.025 0.001)
(0.0637117 0.025 0.001)
(0.0639233 0.025 0.001)
(0.064135 0.025 0.001)
(0.0643467 0.025 0.001)
(0.0645583 0.025 0.001)
(0.06477 0.025 0.001)
(0.0649817 0.025 0.001)
(0.0651933 0.025 0.001)
(0.065405 0.025 0.001)
(0.0656167 0.025 0.001)
(0.0658283 0.025 0.001)
(0.06604 0.025 0.001)
(0.0662517 0.025 0.001)
(0.0664633 0.025 0.001)
(0.066675 0.025 0.001)
(0.0668867 0.025 0.001)
(0.0670983 0.025 0.001)
(0.06731 0.025 0.001)
(0.0675217 0.025 0.001)
(0.0677333 0.025 0.001)
(0.067945 0.025 0.001)
(0.0681567 0.025 0.001)
(0.0683683 0.025 0.001)
(0.06858 0.025 0.001)
(0.0687917 0.025 0.001)
(0.0690033 0.025 0.001)
(0.069215 0.025 0.001)
(0.0694267 0.025 0.001)
(0.0696383 0.025 0.001)
(0.06985 0.025 0.001)
(0.0700617 0.025 0.001)
(0.0702733 0.025 0.001)
(0.070485 0.025 0.001)
(0.0706967 0.025 0.001)
(0.0709083 0.025 0.001)
(0.07112 0.025 0.001)
(0.0713317 0.025 0.001)
(0.0715433 0.025 0.001)
(0.071755 0.025 0.001)
(0.0719667 0.025 0.001)
(0.0721783 0.025 0.001)
(0.07239 0.025 0.001)
(0.0726017 0.025 0.001)
(0.0728133 0.025 0.001)
(0.073025 0.025 0.001)
(0.0732367 0.025 0.001)
(0.0734483 0.025 0.001)
(0.07366 0.025 0.001)
(0.0738717 0.025 0.001)
(0.0740833 0.025 0.001)
(0.074295 0.025 0.001)
(0.0745067 0.025 0.001)
(0.0747183 0.025 0.001)
(0.07493 0.025 0.001)
(0.0751417 0.025 0.001)
(0.0753533 0.025 0.001)
(0.075565 0.025 0.001)
(0.0757767 0.025 0.001)
(0.0759883 0.025 0.001)
(0.0762 0.025 0.001)
(0.0764117 0.025 0.001)
(0.0766233 0.025 0.001)
(0.076835 0.025 0.001)
(0.0770467 0.025 0.001)
(0.0772583 0.025 0.001)
(0.07747 0.025 0.001)
(0.0776817 0.025 0.001)
(0.0778933 0.025 0.001)
(0.078105 0.025 0.001)
(0.0783167 0.025 0.001)
(0.0785283 0.025 0.001)
(0.07874 0.025 0.001)
(0.0789517 0.025 0.001)
(0.0791633 0.025 0.001)
(0.079375 0.025 0.001)
(0.0795867 0.025 0.001)
(0.0797983 0.025 0.001)
(0.08001 0.025 0.001)
(0.0802217 0.025 0.001)
(0.0804333 0.025 0.001)
(0.080645 0.025 0.001)
(0.0808567 0.025 0.001)
(0.0810683 0.025 0.001)
(0.08128 0.025 0.001)
(0.0814917 0.025 0.001)
(0.0817033 0.025 0.001)
(0.081915 0.025 0.001)
(0.0821267 0.025 0.001)
(0.0823383 0.025 0.001)
(0.08255 0.025 0.001)
(0.0827617 0.025 0.001)
(0.0829733 0.025 0.001)
(0.083185 0.025 0.001)
(0.0833967 0.025 0.001)
(0.0836083 0.025 0.001)
(0.08382 0.025 0.001)
(0.0840317 0.025 0.001)
(0.0842433 0.025 0.001)
(0.084455 0.025 0.001)
(0.0846667 0.025 0.001)
(0.0848783 0.025 0.001)
(0.08509 0.025 0.001)
(0.0853017 0.025 0.001)
(0.0855133 0.025 0.001)
(0.085725 0.025 0.001)
(0.0859367 0.025 0.001)
(0.0861483 0.025 0.001)
(0.08636 0.025 0.001)
(0.0865717 0.025 0.001)
(0.0867833 0.025 0.001)
(0.086995 0.025 0.001)
(0.0872067 0.025 0.001)
(0.0874183 0.025 0.001)
(0.08763 0.025 0.001)
(0.0878417 0.025 0.001)
(0.0880533 0.025 0.001)
(0.088265 0.025 0.001)
(0.0884767 0.025 0.001)
(0.0886883 0.025 0.001)
(0.0889 0.025 0.001)
(0.0891117 0.025 0.001)
(0.0893233 0.025 0.001)
(0.089535 0.025 0.001)
(0.0897467 0.025 0.001)
(0.0899583 0.025 0.001)
(0.09017 0.025 0.001)
(0.0903817 0.025 0.001)
(0.0905933 0.025 0.001)
(0.090805 0.025 0.001)
(0.0910167 0.025 0.001)
(0.0912283 0.025 0.001)
(0.09144 0.025 0.001)
(0.0916517 0.025 0.001)
(0.0918633 0.025 0.001)
(0.092075 0.025 0.001)
(0.0922867 0.025 0.001)
(0.0924983 0.025 0.001)
(0.09271 0.025 0.001)
(0.0929217 0.025 0.001)
(0.0931333 0.025 0.001)
(0.093345 0.025 0.001)
(0.0935567 0.025 0.001)
(0.0937683 0.025 0.001)
(0.09398 0.025 0.001)
(0.0941917 0.025 0.001)
(0.0944033 0.025 0.001)
(0.094615 0.025 0.001)
(0.0948267 0.025 0.001)
(0.0950383 0.025 0.001)
(0.09525 0.025 0.001)
(0.0954617 0.025 0.001)
(0.0956733 0.025 0.001)
(0.095885 0.025 0.001)
(0.0960967 0.025 0.001)
(0.0963083 0.025 0.001)
(0.09652 0.025 0.001)
(0.0967317 0.025 0.001)
(0.0969433 0.025 0.001)
(0.097155 0.025 0.001)
(0.0973667 0.025 0.001)
(0.0975783 0.025 0.001)
(0.09779 0.025 0.001)
(0.0980017 0.025 0.001)
(0.0982133 0.025 0.001)
(0.098425 0.025 0.001)
(0.0986367 0.025 0.001)
(0.0988483 0.025 0.001)
(0.09906 0.025 0.001)
(0.0992717 0.025 0.001)
(0.0994833 0.025 0.001)
(0.099695 0.025 0.001)
(0.0999067 0.025 0.001)
(0.100118 0.025 0.001)
(0.10033 0.025 0.001)
(0.100542 0.025 0.001)
(0.100753 0.025 0.001)
(0.100965 0.025 0.001)
(0.101177 0.025 0.001)
(0.101388 0.025 0.001)
(0.1016 0.025 0.001)
(0.101812 0.025 0.001)
(0.102023 0.025 0.001)
(0.102235 0.025 0.001)
(0.102447 0.025 0.001)
(0.102658 0.025 0.001)
(0.10287 0.025 0.001)
(0.103082 0.025 0.001)
(0.103293 0.025 0.001)
(0.103505 0.025 0.001)
(0.103717 0.025 0.001)
(0.103928 0.025 0.001)
(0.10414 0.025 0.001)
(0.104352 0.025 0.001)
(0.104563 0.025 0.001)
(0.104775 0.025 0.001)
(0.104987 0.025 0.001)
(0.105198 0.025 0.001)
(0.10541 0.025 0.001)
(0.105622 0.025 0.001)
(0.105833 0.025 0.001)
(0.106045 0.025 0.001)
(0.106257 0.025 0.001)
(0.106468 0.025 0.001)
(0.10668 0.025 0.001)
(0.106892 0.025 0.001)
(0.107103 0.025 0.001)
(0.107315 0.025 0.001)
(0.107527 0.025 0.001)
(0.107738 0.025 0.001)
(0.10795 0.025 0.001)
(0.108162 0.025 0.001)
(0.108373 0.025 0.001)
(0.108585 0.025 0.001)
(0.108797 0.025 0.001)
(0.109008 0.025 0.001)
(0.10922 0.025 0.001)
(0.109432 0.025 0.001)
(0.109643 0.025 0.001)
(0.109855 0.025 0.001)
(0.110067 0.025 0.001)
(0.110278 0.025 0.001)
(0.11049 0.025 0.001)
(0.110702 0.025 0.001)
(0.110913 0.025 0.001)
(0.111125 0.025 0.001)
(0.111337 0.025 0.001)
(0.111548 0.025 0.001)
(0.11176 0.025 0.001)
(0.111972 0.025 0.001)
(0.112183 0.025 0.001)
(0.112395 0.025 0.001)
(0.112607 0.025 0.001)
(0.112818 0.025 0.001)
(0.11303 0.025 0.001)
(0.113242 0.025 0.001)
(0.113453 0.025 0.001)
(0.113665 0.025 0.001)
(0.113877 0.025 0.001)
(0.114088 0.025 0.001)
(0.1143 0.025 0.001)
(0.114512 0.025 0.001)
(0.114723 0.025 0.001)
(0.114935 0.025 0.001)
(0.115147 0.025 0.001)
(0.115358 0.025 0.001)
(0.11557 0.025 0.001)
(0.115782 0.025 0.001)
(0.115993 0.025 0.001)
(0.116205 0.025 0.001)
(0.116417 0.025 0.001)
(0.116628 0.025 0.001)
(0.11684 0.025 0.001)
(0.117052 0.025 0.001)
(0.117263 0.025 0.001)
(0.117475 0.025 0.001)
(0.117687 0.025 0.001)
(0.117898 0.025 0.001)
(0.11811 0.025 0.001)
(0.118322 0.025 0.001)
(0.118533 0.025 0.001)
(0.118745 0.025 0.001)
(0.118957 0.025 0.001)
(0.119168 0.025 0.001)
(0.11938 0.025 0.001)
(0.119592 0.025 0.001)
(0.119803 0.025 0.001)
(0.120015 0.025 0.001)
(0.120227 0.025 0.001)
(0.120438 0.025 0.001)
(0.12065 0.025 0.001)
(0.120862 0.025 0.001)
(0.121073 0.025 0.001)
(0.121285 0.025 0.001)
(0.121497 0.025 0.001)
(0.121708 0.025 0.001)
(0.12192 0.025 0.001)
(0.122132 0.025 0.001)
(0.122343 0.025 0.001)
(0.122555 0.025 0.001)
(0.122767 0.025 0.001)
(0.122978 0.025 0.001)
(0.12319 0.025 0.001)
(0.123402 0.025 0.001)
(0.123613 0.025 0.001)
(0.123825 0.025 0.001)
(0.124037 0.025 0.001)
(0.124248 0.025 0.001)
(0.12446 0.025 0.001)
(0.124672 0.025 0.001)
(0.124883 0.025 0.001)
(0.125095 0.025 0.001)
(0.125307 0.025 0.001)
(0.125518 0.025 0.001)
(0.12573 0.025 0.001)
(0.125942 0.025 0.001)
(0.126153 0.025 0.001)
(0.126365 0.025 0.001)
(0.126577 0.025 0.001)
(0.126788 0.025 0.001)
(0.127 0.025 0.001)
)


// ************************************************************************* //
