/*--------------------------------*- C++ -*----------------------------------*\
| =========                 |                                                 |
| \\      /  F ield         | OpenFOAM: The Open Source CFD Toolbox           |
|  \\    /   O peration     | Version:  v1706                                 |
|   \\  /    A nd           | Web:      www.OpenFOAM.com                      |
|    \\/     M anipulation  |                                                 |
\*---------------------------------------------------------------------------*/
FoamFile
{
    version     2.0;
    format      ascii;
    class       vectorField;
    location    "constant/polyMesh";
    object      points;
}
// * * * * * * * * * * * * * * * * * * * * * * * * * * * * * * * * * * * * * //


3204
(
(0 0 0)
(0.00015875 0 0)
(0.0003175 0 0)
(0.00047625 0 0)
(0.000635 0 0)
(0.00079375 0 0)
(0.0009525 0 0)
(0.00111125 0 0)
(0.00127 0 0)
(0.00142875 0 0)
(0.0015875 0 0)
(0.00174625 0 0)
(0.001905 0 0)
(0.00206375 0 0)
(0.0022225 0 0)
(0.00238125 0 0)
(0.00254 0 0)
(0.00269875 0 0)
(0.0028575 0 0)
(0.00301625 0 0)
(0.003175 0 0)
(0.00333375 0 0)
(0.0034925 0 0)
(0.00365125 0 0)
(0.00381 0 0)
(0.00396875 0 0)
(0.0041275 0 0)
(0.00428625 0 0)
(0.004445 0 0)
(0.00460375 0 0)
(0.0047625 0 0)
(0.00492125 0 0)
(0.00508 0 0)
(0.00523875 0 0)
(0.0053975 0 0)
(0.00555625 0 0)
(0.005715 0 0)
(0.00587375 0 0)
(0.0060325 0 0)
(0.00619125 0 0)
(0.00635 0 0)
(0.00650875 0 0)
(0.0066675 0 0)
(0.00682625 0 0)
(0.006985 0 0)
(0.00714375 0 0)
(0.0073025 0 0)
(0.00746125 0 0)
(0.00762 0 0)
(0.00777875 0 0)
(0.0079375 0 0)
(0.00809625 0 0)
(0.008255 0 0)
(0.00841375 0 0)
(0.0085725 0 0)
(0.00873125 0 0)
(0.00889 0 0)
(0.00904875 0 0)
(0.0092075 0 0)
(0.00936625 0 0)
(0.009525 0 0)
(0.00968375 0 0)
(0.0098425 0 0)
(0.0100012 0 0)
(0.01016 0 0)
(0.0103187 0 0)
(0.0104775 0 0)
(0.0106362 0 0)
(0.010795 0 0)
(0.0109537 0 0)
(0.0111125 0 0)
(0.0112713 0 0)
(0.01143 0 0)
(0.0115888 0 0)
(0.0117475 0 0)
(0.0119063 0 0)
(0.012065 0 0)
(0.0122238 0 0)
(0.0123825 0 0)
(0.0125413 0 0)
(0.0127 0 0)
(0.0128588 0 0)
(0.0130175 0 0)
(0.0131763 0 0)
(0.013335 0 0)
(0.0134938 0 0)
(0.0136525 0 0)
(0.0138113 0 0)
(0.01397 0 0)
(0.0141288 0 0)
(0.0142875 0 0)
(0.0144463 0 0)
(0.014605 0 0)
(0.0147638 0 0)
(0.0149225 0 0)
(0.0150812 0 0)
(0.01524 0 0)
(0.0153987 0 0)
(0.0155575 0 0)
(0.0157163 0 0)
(0.015875 0 0)
(0.0160337 0 0)
(0.0161925 0 0)
(0.0163513 0 0)
(0.01651 0 0)
(0.0166687 0 0)
(0.0168275 0 0)
(0.0169863 0 0)
(0.017145 0 0)
(0.0173037 0 0)
(0.0174625 0 0)
(0.0176213 0 0)
(0.01778 0 0)
(0.0179387 0 0)
(0.0180975 0 0)
(0.0182563 0 0)
(0.018415 0 0)
(0.0185737 0 0)
(0.0187325 0 0)
(0.0188912 0 0)
(0.01905 0 0)
(0.0192088 0 0)
(0.0193675 0 0)
(0.0195262 0 0)
(0.019685 0 0)
(0.0198438 0 0)
(0.0200025 0 0)
(0.0201612 0 0)
(0.02032 0 0)
(0.0204788 0 0)
(0.0206375 0 0)
(0.0207962 0 0)
(0.020955 0 0)
(0.0211138 0 0)
(0.0212725 0 0)
(0.0214312 0 0)
(0.02159 0 0)
(0.0217488 0 0)
(0.0219075 0 0)
(0.0220662 0 0)
(0.022225 0 0)
(0.0223838 0 0)
(0.0225425 0 0)
(0.0227012 0 0)
(0.02286 0 0)
(0.0230188 0 0)
(0.0231775 0 0)
(0.0233362 0 0)
(0.023495 0 0)
(0.0236538 0 0)
(0.0238125 0 0)
(0.0239712 0 0)
(0.02413 0 0)
(0.0242888 0 0)
(0.0244475 0 0)
(0.0246062 0 0)
(0.024765 0 0)
(0.0249238 0 0)
(0.0250825 0 0)
(0.0252412 0 0)
(0.0254 0 0)
(0.0255588 0 0)
(0.0257175 0 0)
(0.0258762 0 0)
(0.026035 0 0)
(0.0261937 0 0)
(0.0263525 0 0)
(0.0265113 0 0)
(0.02667 0 0)
(0.0268287 0 0)
(0.0269875 0 0)
(0.0271463 0 0)
(0.027305 0 0)
(0.0274637 0 0)
(0.0276225 0 0)
(0.0277813 0 0)
(0.02794 0 0)
(0.0280987 0 0)
(0.0282575 0 0)
(0.0284163 0 0)
(0.028575 0 0)
(0.0287337 0 0)
(0.0288925 0 0)
(0.0290513 0 0)
(0.02921 0 0)
(0.0293687 0 0)
(0.0295275 0 0)
(0.0296863 0 0)
(0.029845 0 0)
(0.0300037 0 0)
(0.0301625 0 0)
(0.0303213 0 0)
(0.03048 0 0)
(0.0306387 0 0)
(0.0307975 0 0)
(0.0309563 0 0)
(0.031115 0 0)
(0.0312738 0 0)
(0.0314325 0 0)
(0.0315913 0 0)
(0.03175 0 0)
(0.0319087 0 0)
(0.0320675 0 0)
(0.0322262 0 0)
(0.032385 0 0)
(0.0325438 0 0)
(0.0327025 0 0)
(0.0328613 0 0)
(0.03302 0 0)
(0.0331787 0 0)
(0.0333375 0 0)
(0.0334962 0 0)
(0.033655 0 0)
(0.0338137 0 0)
(0.0339725 0 0)
(0.0341313 0 0)
(0.03429 0 0)
(0.0344488 0 0)
(0.0346075 0 0)
(0.0347662 0 0)
(0.034925 0 0)
(0.0350837 0 0)
(0.0352425 0 0)
(0.0354013 0 0)
(0.03556 0 0)
(0.0357188 0 0)
(0.0358775 0 0)
(0.0360362 0 0)
(0.036195 0 0)
(0.0363537 0 0)
(0.0365125 0 0)
(0.0366713 0 0)
(0.03683 0 0)
(0.0369888 0 0)
(0.0371475 0 0)
(0.0373062 0 0)
(0.037465 0 0)
(0.0376237 0 0)
(0.0377825 0 0)
(0.0379413 0 0)
(0.0381 0 0)
(0.0382588 0 0)
(0.0384175 0 0)
(0.0385762 0 0)
(0.038735 0 0)
(0.0388937 0 0)
(0.0390525 0 0)
(0.0392113 0 0)
(0.03937 0 0)
(0.0395288 0 0)
(0.0396875 0 0)
(0.0398462 0 0)
(0.040005 0 0)
(0.0401637 0 0)
(0.0403225 0 0)
(0.0404813 0 0)
(0.04064 0 0)
(0.0407988 0 0)
(0.0409575 0 0)
(0.0411163 0 0)
(0.041275 0 0)
(0.0414337 0 0)
(0.0415925 0 0)
(0.0417512 0 0)
(0.04191 0 0)
(0.0420688 0 0)
(0.0422275 0 0)
(0.0423863 0 0)
(0.042545 0 0)
(0.0427037 0 0)
(0.0428625 0 0)
(0.0430212 0 0)
(0.04318 0 0)
(0.0433388 0 0)
(0.0434975 0 0)
(0.0436563 0 0)
(0.043815 0 0)
(0.0439737 0 0)
(0.0441325 0 0)
(0.0442912 0 0)
(0.04445 0 0)
(0.0446088 0 0)
(0.0447675 0 0)
(0.0449263 0 0)
(0.045085 0 0)
(0.0452437 0 0)
(0.0454025 0 0)
(0.0455612 0 0)
(0.04572 0 0)
(0.0458788 0 0)
(0.0460375 0 0)
(0.0461963 0 0)
(0.046355 0 0)
(0.0465137 0 0)
(0.0466725 0 0)
(0.0468312 0 0)
(0.04699 0 0)
(0.0471488 0 0)
(0.0473075 0 0)
(0.0474663 0 0)
(0.047625 0 0)
(0.0477837 0 0)
(0.0479425 0 0)
(0.0481012 0 0)
(0.04826 0 0)
(0.0484188 0 0)
(0.0485775 0 0)
(0.0487363 0 0)
(0.048895 0 0)
(0.0490538 0 0)
(0.0492125 0 0)
(0.0493712 0 0)
(0.04953 0 0)
(0.0496887 0 0)
(0.0498475 0 0)
(0.0500063 0 0)
(0.050165 0 0)
(0.0503238 0 0)
(0.0504825 0 0)
(0.0506412 0 0)
(0.0508 0 0)
(0.0509587 0 0)
(0.0511175 0 0)
(0.0512763 0 0)
(0.051435 0 0)
(0.0515938 0 0)
(0.0517525 0 0)
(0.0519112 0 0)
(0.05207 0 0)
(0.0522287 0 0)
(0.0523875 0 0)
(0.0525463 0 0)
(0.052705 0 0)
(0.0528638 0 0)
(0.0530225 0 0)
(0.0531812 0 0)
(0.05334 0 0)
(0.0534987 0 0)
(0.0536575 0 0)
(0.0538163 0 0)
(0.053975 0 0)
(0.0541338 0 0)
(0.0542925 0 0)
(0.0544512 0 0)
(0.05461 0 0)
(0.0547687 0 0)
(0.0549275 0 0)
(0.0550863 0 0)
(0.055245 0 0)
(0.0554038 0 0)
(0.0555625 0 0)
(0.0557212 0 0)
(0.05588 0 0)
(0.0560387 0 0)
(0.0561975 0 0)
(0.0563562 0 0)
(0.056515 0 0)
(0.0566738 0 0)
(0.0568325 0 0)
(0.0569913 0 0)
(0.05715 0 0)
(0.0573087 0 0)
(0.0574675 0 0)
(0.0576262 0 0)
(0.057785 0 0)
(0.0579438 0 0)
(0.0581025 0 0)
(0.0582613 0 0)
(0.05842 0 0)
(0.0585787 0 0)
(0.0587375 0 0)
(0.0588962 0 0)
(0.059055 0 0)
(0.0592138 0 0)
(0.0593725 0 0)
(0.0595313 0 0)
(0.05969 0 0)
(0.0598487 0 0)
(0.0600075 0 0)
(0.0601662 0 0)
(0.060325 0 0)
(0.0604838 0 0)
(0.0606425 0 0)
(0.0608013 0 0)
(0.06096 0 0)
(0.0611187 0 0)
(0.0612775 0 0)
(0.0614362 0 0)
(0.061595 0 0)
(0.0617538 0 0)
(0.0619125 0 0)
(0.0620713 0 0)
(0.06223 0 0)
(0.0623887 0 0)
(0.0625475 0 0)
(0.0627063 0 0)
(0.062865 0 0)
(0.0630238 0 0)
(0.0631825 0 0)
(0.0633413 0 0)
(0.0635 0 0)
(0.0636588 0 0)
(0.0638175 0 0)
(0.0639762 0 0)
(0.064135 0 0)
(0.0642937 0 0)
(0.0644525 0 0)
(0.0646112 0 0)
(0.06477 0 0)
(0.0649287 0 0)
(0.0650875 0 0)
(0.0652463 0 0)
(0.065405 0 0)
(0.0655638 0 0)
(0.0657225 0 0)
(0.0658813 0 0)
(0.06604 0 0)
(0.0661988 0 0)
(0.0663575 0 0)
(0.0665162 0 0)
(0.066675 0 0)
(0.0668337 0 0)
(0.0669925 0 0)
(0.0671512 0 0)
(0.06731 0 0)
(0.0674687 0 0)
(0.0676275 0 0)
(0.0677863 0 0)
(0.067945 0 0)
(0.0681038 0 0)
(0.0682625 0 0)
(0.0684213 0 0)
(0.06858 0 0)
(0.0687388 0 0)
(0.0688975 0 0)
(0.0690562 0 0)
(0.069215 0 0)
(0.0693737 0 0)
(0.0695325 0 0)
(0.0696912 0 0)
(0.06985 0 0)
(0.0700087 0 0)
(0.0701675 0 0)
(0.0703263 0 0)
(0.070485 0 0)
(0.0706438 0 0)
(0.0708025 0 0)
(0.0709613 0 0)
(0.07112 0 0)
(0.0712788 0 0)
(0.0714375 0 0)
(0.0715963 0 0)
(0.071755 0 0)
(0.0719137 0 0)
(0.0720725 0 0)
(0.0722312 0 0)
(0.07239 0 0)
(0.0725487 0 0)
(0.0727075 0 0)
(0.0728662 0 0)
(0.073025 0 0)
(0.0731838 0 0)
(0.0733425 0 0)
(0.0735013 0 0)
(0.07366 0 0)
(0.0738188 0 0)
(0.0739775 0 0)
(0.0741363 0 0)
(0.074295 0 0)
(0.0744537 0 0)
(0.0746125 0 0)
(0.0747712 0 0)
(0.07493 0 0)
(0.0750887 0 0)
(0.0752475 0 0)
(0.0754062 0 0)
(0.075565 0 0)
(0.0757238 0 0)
(0.0758825 0 0)
(0.0760413 0 0)
(0.0762 0 0)
(0.0763588 0 0)
(0.0765175 0 0)
(0.0766763 0 0)
(0.076835 0 0)
(0.0769937 0 0)
(0.0771525 0 0)
(0.0773112 0 0)
(0.07747 0 0)
(0.0776287 0 0)
(0.0777875 0 0)
(0.0779462 0 0)
(0.078105 0 0)
(0.0782638 0 0)
(0.0784225 0 0)
(0.0785813 0 0)
(0.07874 0 0)
(0.0788988 0 0)
(0.0790575 0 0)
(0.0792163 0 0)
(0.079375 0 0)
(0.0795338 0 0)
(0.0796925 0 0)
(0.0798512 0 0)
(0.08001 0 0)
(0.0801687 0 0)
(0.0803275 0 0)
(0.0804862 0 0)
(0.080645 0 0)
(0.0808037 0 0)
(0.0809625 0 0)
(0.0811213 0 0)
(0.08128 0 0)
(0.0814388 0 0)
(0.0815975 0 0)
(0.0817563 0 0)
(0.081915 0 0)
(0.0820738 0 0)
(0.0822325 0 0)
(0.0823912 0 0)
(0.08255 0 0)
(0.0827087 0 0)
(0.0828675 0 0)
(0.0830262 0 0)
(0.083185 0 0)
(0.0833437 0 0)
(0.0835025 0 0)
(0.0836613 0 0)
(0.08382 0 0)
(0.0839788 0 0)
(0.0841375 0 0)
(0.0842963 0 0)
(0.084455 0 0)
(0.0846138 0 0)
(0.0847725 0 0)
(0.0849312 0 0)
(0.08509 0 0)
(0.0852487 0 0)
(0.0854075 0 0)
(0.0855662 0 0)
(0.085725 0 0)
(0.0858837 0 0)
(0.0860425 0 0)
(0.0862012 0 0)
(0.08636 0 0)
(0.0865188 0 0)
(0.0866775 0 0)
(0.0868363 0 0)
(0.086995 0 0)
(0.0871538 0 0)
(0.0873125 0 0)
(0.0874713 0 0)
(0.08763 0 0)
(0.0877887 0 0)
(0.0879475 0 0)
(0.0881062 0 0)
(0.088265 0 0)
(0.0884237 0 0)
(0.0885825 0 0)
(0.0887412 0 0)
(0.0889 0 0)
(0.0890588 0 0)
(0.0892175 0 0)
(0.0893763 0 0)
(0.089535 0 0)
(0.0896938 0 0)
(0.0898525 0 0)
(0.0900113 0 0)
(0.09017 0 0)
(0.0903287 0 0)
(0.0904875 0 0)
(0.0906462 0 0)
(0.090805 0 0)
(0.0909637 0 0)
(0.0911225 0 0)
(0.0912812 0 0)
(0.09144 0 0)
(0.0915988 0 0)
(0.0917575 0 0)
(0.0919163 0 0)
(0.092075 0 0)
(0.0922338 0 0)
(0.0923925 0 0)
(0.0925513 0 0)
(0.09271 0 0)
(0.0928687 0 0)
(0.0930275 0 0)
(0.0931862 0 0)
(0.093345 0 0)
(0.0935037 0 0)
(0.0936625 0 0)
(0.0938212 0 0)
(0.09398 0 0)
(0.0941387 0 0)
(0.0942975 0 0)
(0.0944563 0 0)
(0.094615 0 0)
(0.0947738 0 0)
(0.0949325 0 0)
(0.0950913 0 0)
(0.09525 0 0)
(0.0954088 0 0)
(0.0955675 0 0)
(0.0957262 0 0)
(0.095885 0 0)
(0.0960437 0 0)
(0.0962025 0 0)
(0.0963612 0 0)
(0.09652 0 0)
(0.0966787 0 0)
(0.0968375 0 0)
(0.0969963 0 0)
(0.097155 0 0)
(0.0973138 0 0)
(0.0974725 0 0)
(0.0976313 0 0)
(0.09779 0 0)
(0.0979488 0 0)
(0.0981075 0 0)
(0.0982662 0 0)
(0.098425 0 0)
(0.0985837 0 0)
(0.0987425 0 0)
(0.0989012 0 0)
(0.09906 0 0)
(0.0992187 0 0)
(0.0993775 0 0)
(0.0995363 0 0)
(0.099695 0 0)
(0.0998538 0 0)
(0.100013 0 0)
(0.100171 0 0)
(0.10033 0 0)
(0.100489 0 0)
(0.100648 0 0)
(0.100806 0 0)
(0.100965 0 0)
(0.101124 0 0)
(0.101282 0 0)
(0.101441 0 0)
(0.1016 0 0)
(0.101759 0 0)
(0.101917 0 0)
(0.102076 0 0)
(0.102235 0 0)
(0.102394 0 0)
(0.102553 0 0)
(0.102711 0 0)
(0.10287 0 0)
(0.103029 0 0)
(0.103188 0 0)
(0.103346 0 0)
(0.103505 0 0)
(0.103664 0 0)
(0.103822 0 0)
(0.103981 0 0)
(0.10414 0 0)
(0.104299 0 0)
(0.104457 0 0)
(0.104616 0 0)
(0.104775 0 0)
(0.104934 0 0)
(0.105093 0 0)
(0.105251 0 0)
(0.10541 0 0)
(0.105569 0 0)
(0.105728 0 0)
(0.105886 0 0)
(0.106045 0 0)
(0.106204 0 0)
(0.106362 0 0)
(0.106521 0 0)
(0.10668 0 0)
(0.106839 0 0)
(0.106997 0 0)
(0.107156 0 0)
(0.107315 0 0)
(0.107474 0 0)
(0.107633 0 0)
(0.107791 0 0)
(0.10795 0 0)
(0.108109 0 0)
(0.108268 0 0)
(0.108426 0 0)
(0.108585 0 0)
(0.108744 0 0)
(0.108902 0 0)
(0.109061 0 0)
(0.10922 0 0)
(0.109379 0 0)
(0.109537 0 0)
(0.109696 0 0)
(0.109855 0 0)
(0.110014 0 0)
(0.110173 0 0)
(0.110331 0 0)
(0.11049 0 0)
(0.110649 0 0)
(0.110808 0 0)
(0.110966 0 0)
(0.111125 0 0)
(0.111284 0 0)
(0.111442 0 0)
(0.111601 0 0)
(0.11176 0 0)
(0.111919 0 0)
(0.112077 0 0)
(0.112236 0 0)
(0.112395 0 0)
(0.112554 0 0)
(0.112712 0 0)
(0.112871 0 0)
(0.11303 0 0)
(0.113189 0 0)
(0.113348 0 0)
(0.113506 0 0)
(0.113665 0 0)
(0.113824 0 0)
(0.113983 0 0)
(0.114141 0 0)
(0.1143 0 0)
(0.114459 0 0)
(0.114617 0 0)
(0.114776 0 0)
(0.114935 0 0)
(0.115094 0 0)
(0.115252 0 0)
(0.115411 0 0)
(0.11557 0 0)
(0.115729 0 0)
(0.115888 0 0)
(0.116046 0 0)
(0.116205 0 0)
(0.116364 0 0)
(0.116523 0 0)
(0.116681 0 0)
(0.11684 0 0)
(0.116999 0 0)
(0.117157 0 0)
(0.117316 0 0)
(0.117475 0 0)
(0.117634 0 0)
(0.117792 0 0)
(0.117951 0 0)
(0.11811 0 0)
(0.118269 0 0)
(0.118428 0 0)
(0.118586 0 0)
(0.118745 0 0)
(0.118904 0 0)
(0.119063 0 0)
(0.119221 0 0)
(0.11938 0 0)
(0.119539 0 0)
(0.119697 0 0)
(0.119856 0 0)
(0.120015 0 0)
(0.120174 0 0)
(0.120332 0 0)
(0.120491 0 0)
(0.12065 0 0)
(0.120809 0 0)
(0.120968 0 0)
(0.121126 0 0)
(0.121285 0 0)
(0.121444 0 0)
(0.121603 0 0)
(0.121761 0 0)
(0.12192 0 0)
(0.122079 0 0)
(0.122237 0 0)
(0.122396 0 0)
(0.122555 0 0)
(0.122714 0 0)
(0.122872 0 0)
(0.123031 0 0)
(0.12319 0 0)
(0.123349 0 0)
(0.123508 0 0)
(0.123666 0 0)
(0.123825 0 0)
(0.123984 0 0)
(0.124143 0 0)
(0.124301 0 0)
(0.12446 0 0)
(0.124619 0 0)
(0.124777 0 0)
(0.124936 0 0)
(0.125095 0 0)
(0.125254 0 0)
(0.125413 0 0)
(0.125571 0 0)
(0.12573 0 0)
(0.125889 0 0)
(0.126048 0 0)
(0.126206 0 0)
(0.126365 0 0)
(0.126524 0 0)
(0.126683 0 0)
(0.126841 0 0)
(0.127 0 0)
(0 0.025 0)
(0.00015875 0.025 0)
(0.0003175 0.025 0)
(0.00047625 0.025 0)
(0.000635 0.025 0)
(0.00079375 0.025 0)
(0.0009525 0.025 0)
(0.00111125 0.025 0)
(0.00127 0.025 0)
(0.00142875 0.025 0)
(0.0015875 0.025 0)
(0.00174625 0.025 0)
(0.001905 0.025 0)
(0.00206375 0.025 0)
(0.0022225 0.025 0)
(0.00238125 0.025 0)
(0.00254 0.025 0)
(0.00269875 0.025 0)
(0.0028575 0.025 0)
(0.00301625 0.025 0)
(0.003175 0.025 0)
(0.00333375 0.025 0)
(0.0034925 0.025 0)
(0.00365125 0.025 0)
(0.00381 0.025 0)
(0.00396875 0.025 0)
(0.0041275 0.025 0)
(0.00428625 0.025 0)
(0.004445 0.025 0)
(0.00460375 0.025 0)
(0.0047625 0.025 0)
(0.00492125 0.025 0)
(0.00508 0.025 0)
(0.00523875 0.025 0)
(0.0053975 0.025 0)
(0.00555625 0.025 0)
(0.005715 0.025 0)
(0.00587375 0.025 0)
(0.0060325 0.025 0)
(0.00619125 0.025 0)
(0.00635 0.025 0)
(0.00650875 0.025 0)
(0.0066675 0.025 0)
(0.00682625 0.025 0)
(0.006985 0.025 0)
(0.00714375 0.025 0)
(0.0073025 0.025 0)
(0.00746125 0.025 0)
(0.00762 0.025 0)
(0.00777875 0.025 0)
(0.0079375 0.025 0)
(0.00809625 0.025 0)
(0.008255 0.025 0)
(0.00841375 0.025 0)
(0.0085725 0.025 0)
(0.00873125 0.025 0)
(0.00889 0.025 0)
(0.00904875 0.025 0)
(0.0092075 0.025 0)
(0.00936625 0.025 0)
(0.009525 0.025 0)
(0.00968375 0.025 0)
(0.0098425 0.025 0)
(0.0100012 0.025 0)
(0.01016 0.025 0)
(0.0103187 0.025 0)
(0.0104775 0.025 0)
(0.0106362 0.025 0)
(0.010795 0.025 0)
(0.0109537 0.025 0)
(0.0111125 0.025 0)
(0.0112713 0.025 0)
(0.01143 0.025 0)
(0.0115888 0.025 0)
(0.0117475 0.025 0)
(0.0119063 0.025 0)
(0.012065 0.025 0)
(0.0122238 0.025 0)
(0.0123825 0.025 0)
(0.0125413 0.025 0)
(0.0127 0.025 0)
(0.0128588 0.025 0)
(0.0130175 0.025 0)
(0.0131763 0.025 0)
(0.013335 0.025 0)
(0.0134938 0.025 0)
(0.0136525 0.025 0)
(0.0138113 0.025 0)
(0.01397 0.025 0)
(0.0141288 0.025 0)
(0.0142875 0.025 0)
(0.0144463 0.025 0)
(0.014605 0.025 0)
(0.0147638 0.025 0)
(0.0149225 0.025 0)
(0.0150812 0.025 0)
(0.01524 0.025 0)
(0.0153987 0.025 0)
(0.0155575 0.025 0)
(0.0157163 0.025 0)
(0.015875 0.025 0)
(0.0160337 0.025 0)
(0.0161925 0.025 0)
(0.0163513 0.025 0)
(0.01651 0.025 0)
(0.0166687 0.025 0)
(0.0168275 0.025 0)
(0.0169863 0.025 0)
(0.017145 0.025 0)
(0.0173037 0.025 0)
(0.0174625 0.025 0)
(0.0176213 0.025 0)
(0.01778 0.025 0)
(0.0179387 0.025 0)
(0.0180975 0.025 0)
(0.0182563 0.025 0)
(0.018415 0.025 0)
(0.0185737 0.025 0)
(0.0187325 0.025 0)
(0.0188912 0.025 0)
(0.01905 0.025 0)
(0.0192088 0.025 0)
(0.0193675 0.025 0)
(0.0195262 0.025 0)
(0.019685 0.025 0)
(0.0198438 0.025 0)
(0.0200025 0.025 0)
(0.0201612 0.025 0)
(0.02032 0.025 0)
(0.0204788 0.025 0)
(0.0206375 0.025 0)
(0.0207962 0.025 0)
(0.020955 0.025 0)
(0.0211138 0.025 0)
(0.0212725 0.025 0)
(0.0214312 0.025 0)
(0.02159 0.025 0)
(0.0217488 0.025 0)
(0.0219075 0.025 0)
(0.0220662 0.025 0)
(0.022225 0.025 0)
(0.0223838 0.025 0)
(0.0225425 0.025 0)
(0.0227012 0.025 0)
(0.02286 0.025 0)
(0.0230188 0.025 0)
(0.0231775 0.025 0)
(0.0233362 0.025 0)
(0.023495 0.025 0)
(0.0236538 0.025 0)
(0.0238125 0.025 0)
(0.0239712 0.025 0)
(0.02413 0.025 0)
(0.0242888 0.025 0)
(0.0244475 0.025 0)
(0.0246062 0.025 0)
(0.024765 0.025 0)
(0.0249238 0.025 0)
(0.0250825 0.025 0)
(0.0252412 0.025 0)
(0.0254 0.025 0)
(0.0255588 0.025 0)
(0.0257175 0.025 0)
(0.0258762 0.025 0)
(0.026035 0.025 0)
(0.0261937 0.025 0)
(0.0263525 0.025 0)
(0.0265113 0.025 0)
(0.02667 0.025 0)
(0.0268287 0.025 0)
(0.0269875 0.025 0)
(0.0271463 0.025 0)
(0.027305 0.025 0)
(0.0274637 0.025 0)
(0.0276225 0.025 0)
(0.0277813 0.025 0)
(0.02794 0.025 0)
(0.0280987 0.025 0)
(0.0282575 0.025 0)
(0.0284163 0.025 0)
(0.028575 0.025 0)
(0.0287337 0.025 0)
(0.0288925 0.025 0)
(0.0290513 0.025 0)
(0.02921 0.025 0)
(0.0293687 0.025 0)
(0.0295275 0.025 0)
(0.0296863 0.025 0)
(0.029845 0.025 0)
(0.0300037 0.025 0)
(0.0301625 0.025 0)
(0.0303213 0.025 0)
(0.03048 0.025 0)
(0.0306387 0.025 0)
(0.0307975 0.025 0)
(0.0309563 0.025 0)
(0.031115 0.025 0)
(0.0312738 0.025 0)
(0.0314325 0.025 0)
(0.0315913 0.025 0)
(0.03175 0.025 0)
(0.0319087 0.025 0)
(0.0320675 0.025 0)
(0.0322262 0.025 0)
(0.032385 0.025 0)
(0.0325438 0.025 0)
(0.0327025 0.025 0)
(0.0328613 0.025 0)
(0.03302 0.025 0)
(0.0331787 0.025 0)
(0.0333375 0.025 0)
(0.0334962 0.025 0)
(0.033655 0.025 0)
(0.0338137 0.025 0)
(0.0339725 0.025 0)
(0.0341313 0.025 0)
(0.03429 0.025 0)
(0.0344488 0.025 0)
(0.0346075 0.025 0)
(0.0347662 0.025 0)
(0.034925 0.025 0)
(0.0350837 0.025 0)
(0.0352425 0.025 0)
(0.0354013 0.025 0)
(0.03556 0.025 0)
(0.0357188 0.025 0)
(0.0358775 0.025 0)
(0.0360362 0.025 0)
(0.036195 0.025 0)
(0.0363537 0.025 0)
(0.0365125 0.025 0)
(0.0366713 0.025 0)
(0.03683 0.025 0)
(0.0369888 0.025 0)
(0.0371475 0.025 0)
(0.0373062 0.025 0)
(0.037465 0.025 0)
(0.0376237 0.025 0)
(0.0377825 0.025 0)
(0.0379413 0.025 0)
(0.0381 0.025 0)
(0.0382588 0.025 0)
(0.0384175 0.025 0)
(0.0385762 0.025 0)
(0.038735 0.025 0)
(0.0388937 0.025 0)
(0.0390525 0.025 0)
(0.0392113 0.025 0)
(0.03937 0.025 0)
(0.0395288 0.025 0)
(0.0396875 0.025 0)
(0.0398462 0.025 0)
(0.040005 0.025 0)
(0.0401637 0.025 0)
(0.0403225 0.025 0)
(0.0404813 0.025 0)
(0.04064 0.025 0)
(0.0407988 0.025 0)
(0.0409575 0.025 0)
(0.0411163 0.025 0)
(0.041275 0.025 0)
(0.0414337 0.025 0)
(0.0415925 0.025 0)
(0.0417512 0.025 0)
(0.04191 0.025 0)
(0.0420688 0.025 0)
(0.0422275 0.025 0)
(0.0423863 0.025 0)
(0.042545 0.025 0)
(0.0427037 0.025 0)
(0.0428625 0.025 0)
(0.0430212 0.025 0)
(0.04318 0.025 0)
(0.0433388 0.025 0)
(0.0434975 0.025 0)
(0.0436563 0.025 0)
(0.043815 0.025 0)
(0.0439737 0.025 0)
(0.0441325 0.025 0)
(0.0442912 0.025 0)
(0.04445 0.025 0)
(0.0446088 0.025 0)
(0.0447675 0.025 0)
(0.0449263 0.025 0)
(0.045085 0.025 0)
(0.0452437 0.025 0)
(0.0454025 0.025 0)
(0.0455612 0.025 0)
(0.04572 0.025 0)
(0.0458788 0.025 0)
(0.0460375 0.025 0)
(0.0461963 0.025 0)
(0.046355 0.025 0)
(0.0465137 0.025 0)
(0.0466725 0.025 0)
(0.0468312 0.025 0)
(0.04699 0.025 0)
(0.0471488 0.025 0)
(0.0473075 0.025 0)
(0.0474663 0.025 0)
(0.047625 0.025 0)
(0.0477837 0.025 0)
(0.0479425 0.025 0)
(0.0481012 0.025 0)
(0.04826 0.025 0)
(0.0484188 0.025 0)
(0.0485775 0.025 0)
(0.0487363 0.025 0)
(0.048895 0.025 0)
(0.0490538 0.025 0)
(0.0492125 0.025 0)
(0.0493712 0.025 0)
(0.04953 0.025 0)
(0.0496887 0.025 0)
(0.0498475 0.025 0)
(0.0500063 0.025 0)
(0.050165 0.025 0)
(0.0503238 0.025 0)
(0.0504825 0.025 0)
(0.0506412 0.025 0)
(0.0508 0.025 0)
(0.0509587 0.025 0)
(0.0511175 0.025 0)
(0.0512763 0.025 0)
(0.051435 0.025 0)
(0.0515938 0.025 0)
(0.0517525 0.025 0)
(0.0519112 0.025 0)
(0.05207 0.025 0)
(0.0522287 0.025 0)
(0.0523875 0.025 0)
(0.0525463 0.025 0)
(0.052705 0.025 0)
(0.0528638 0.025 0)
(0.0530225 0.025 0)
(0.0531812 0.025 0)
(0.05334 0.025 0)
(0.0534987 0.025 0)
(0.0536575 0.025 0)
(0.0538163 0.025 0)
(0.053975 0.025 0)
(0.0541338 0.025 0)
(0.0542925 0.025 0)
(0.0544512 0.025 0)
(0.05461 0.025 0)
(0.0547687 0.025 0)
(0.0549275 0.025 0)
(0.0550863 0.025 0)
(0.055245 0.025 0)
(0.0554038 0.025 0)
(0.0555625 0.025 0)
(0.0557212 0.025 0)
(0.05588 0.025 0)
(0.0560387 0.025 0)
(0.0561975 0.025 0)
(0.0563562 0.025 0)
(0.056515 0.025 0)
(0.0566738 0.025 0)
(0.0568325 0.025 0)
(0.0569913 0.025 0)
(0.05715 0.025 0)
(0.0573087 0.025 0)
(0.0574675 0.025 0)
(0.0576262 0.025 0)
(0.057785 0.025 0)
(0.0579438 0.025 0)
(0.0581025 0.025 0)
(0.0582613 0.025 0)
(0.05842 0.025 0)
(0.0585787 0.025 0)
(0.0587375 0.025 0)
(0.0588962 0.025 0)
(0.059055 0.025 0)
(0.0592138 0.025 0)
(0.0593725 0.025 0)
(0.0595313 0.025 0)
(0.05969 0.025 0)
(0.0598487 0.025 0)
(0.0600075 0.025 0)
(0.0601662 0.025 0)
(0.060325 0.025 0)
(0.0604838 0.025 0)
(0.0606425 0.025 0)
(0.0608013 0.025 0)
(0.06096 0.025 0)
(0.0611187 0.025 0)
(0.0612775 0.025 0)
(0.0614362 0.025 0)
(0.061595 0.025 0)
(0.0617538 0.025 0)
(0.0619125 0.025 0)
(0.0620713 0.025 0)
(0.06223 0.025 0)
(0.0623887 0.025 0)
(0.0625475 0.025 0)
(0.0627063 0.025 0)
(0.062865 0.025 0)
(0.0630238 0.025 0)
(0.0631825 0.025 0)
(0.0633413 0.025 0)
(0.0635 0.025 0)
(0.0636588 0.025 0)
(0.0638175 0.025 0)
(0.0639762 0.025 0)
(0.064135 0.025 0)
(0.0642937 0.025 0)
(0.0644525 0.025 0)
(0.0646112 0.025 0)
(0.06477 0.025 0)
(0.0649287 0.025 0)
(0.0650875 0.025 0)
(0.0652463 0.025 0)
(0.065405 0.025 0)
(0.0655638 0.025 0)
(0.0657225 0.025 0)
(0.0658813 0.025 0)
(0.06604 0.025 0)
(0.0661988 0.025 0)
(0.0663575 0.025 0)
(0.0665162 0.025 0)
(0.066675 0.025 0)
(0.0668337 0.025 0)
(0.0669925 0.025 0)
(0.0671512 0.025 0)
(0.06731 0.025 0)
(0.0674687 0.025 0)
(0.0676275 0.025 0)
(0.0677863 0.025 0)
(0.067945 0.025 0)
(0.0681038 0.025 0)
(0.0682625 0.025 0)
(0.0684213 0.025 0)
(0.06858 0.025 0)
(0.0687388 0.025 0)
(0.0688975 0.025 0)
(0.0690562 0.025 0)
(0.069215 0.025 0)
(0.0693737 0.025 0)
(0.0695325 0.025 0)
(0.0696912 0.025 0)
(0.06985 0.025 0)
(0.0700087 0.025 0)
(0.0701675 0.025 0)
(0.0703263 0.025 0)
(0.070485 0.025 0)
(0.0706438 0.025 0)
(0.0708025 0.025 0)
(0.0709613 0.025 0)
(0.07112 0.025 0)
(0.0712788 0.025 0)
(0.0714375 0.025 0)
(0.0715963 0.025 0)
(0.071755 0.025 0)
(0.0719137 0.025 0)
(0.0720725 0.025 0)
(0.0722312 0.025 0)
(0.07239 0.025 0)
(0.0725487 0.025 0)
(0.0727075 0.025 0)
(0.0728662 0.025 0)
(0.073025 0.025 0)
(0.0731838 0.025 0)
(0.0733425 0.025 0)
(0.0735013 0.025 0)
(0.07366 0.025 0)
(0.0738188 0.025 0)
(0.0739775 0.025 0)
(0.0741363 0.025 0)
(0.074295 0.025 0)
(0.0744537 0.025 0)
(0.0746125 0.025 0)
(0.0747712 0.025 0)
(0.07493 0.025 0)
(0.0750887 0.025 0)
(0.0752475 0.025 0)
(0.0754062 0.025 0)
(0.075565 0.025 0)
(0.0757238 0.025 0)
(0.0758825 0.025 0)
(0.0760413 0.025 0)
(0.0762 0.025 0)
(0.0763588 0.025 0)
(0.0765175 0.025 0)
(0.0766763 0.025 0)
(0.076835 0.025 0)
(0.0769937 0.025 0)
(0.0771525 0.025 0)
(0.0773112 0.025 0)
(0.07747 0.025 0)
(0.0776287 0.025 0)
(0.0777875 0.025 0)
(0.0779462 0.025 0)
(0.078105 0.025 0)
(0.0782638 0.025 0)
(0.0784225 0.025 0)
(0.0785813 0.025 0)
(0.07874 0.025 0)
(0.0788988 0.025 0)
(0.0790575 0.025 0)
(0.0792163 0.025 0)
(0.079375 0.025 0)
(0.0795338 0.025 0)
(0.0796925 0.025 0)
(0.0798512 0.025 0)
(0.08001 0.025 0)
(0.0801687 0.025 0)
(0.0803275 0.025 0)
(0.0804862 0.025 0)
(0.080645 0.025 0)
(0.0808037 0.025 0)
(0.0809625 0.025 0)
(0.0811213 0.025 0)
(0.08128 0.025 0)
(0.0814388 0.025 0)
(0.0815975 0.025 0)
(0.0817563 0.025 0)
(0.081915 0.025 0)
(0.0820738 0.025 0)
(0.0822325 0.025 0)
(0.0823912 0.025 0)
(0.08255 0.025 0)
(0.0827087 0.025 0)
(0.0828675 0.025 0)
(0.0830262 0.025 0)
(0.083185 0.025 0)
(0.0833437 0.025 0)
(0.0835025 0.025 0)
(0.0836613 0.025 0)
(0.08382 0.025 0)
(0.0839788 0.025 0)
(0.0841375 0.025 0)
(0.0842963 0.025 0)
(0.084455 0.025 0)
(0.0846138 0.025 0)
(0.0847725 0.025 0)
(0.0849312 0.025 0)
(0.08509 0.025 0)
(0.0852487 0.025 0)
(0.0854075 0.025 0)
(0.0855662 0.025 0)
(0.085725 0.025 0)
(0.0858837 0.025 0)
(0.0860425 0.025 0)
(0.0862012 0.025 0)
(0.08636 0.025 0)
(0.0865188 0.025 0)
(0.0866775 0.025 0)
(0.0868363 0.025 0)
(0.086995 0.025 0)
(0.0871538 0.025 0)
(0.0873125 0.025 0)
(0.0874713 0.025 0)
(0.08763 0.025 0)
(0.0877887 0.025 0)
(0.0879475 0.025 0)
(0.0881062 0.025 0)
(0.088265 0.025 0)
(0.0884237 0.025 0)
(0.0885825 0.025 0)
(0.0887412 0.025 0)
(0.0889 0.025 0)
(0.0890588 0.025 0)
(0.0892175 0.025 0)
(0.0893763 0.025 0)
(0.089535 0.025 0)
(0.0896938 0.025 0)
(0.0898525 0.025 0)
(0.0900113 0.025 0)
(0.09017 0.025 0)
(0.0903287 0.025 0)
(0.0904875 0.025 0)
(0.0906462 0.025 0)
(0.090805 0.025 0)
(0.0909637 0.025 0)
(0.0911225 0.025 0)
(0.0912812 0.025 0)
(0.09144 0.025 0)
(0.0915988 0.025 0)
(0.0917575 0.025 0)
(0.0919163 0.025 0)
(0.092075 0.025 0)
(0.0922338 0.025 0)
(0.0923925 0.025 0)
(0.0925513 0.025 0)
(0.09271 0.025 0)
(0.0928687 0.025 0)
(0.0930275 0.025 0)
(0.0931862 0.025 0)
(0.093345 0.025 0)
(0.0935037 0.025 0)
(0.0936625 0.025 0)
(0.0938212 0.025 0)
(0.09398 0.025 0)
(0.0941387 0.025 0)
(0.0942975 0.025 0)
(0.0944563 0.025 0)
(0.094615 0.025 0)
(0.0947738 0.025 0)
(0.0949325 0.025 0)
(0.0950913 0.025 0)
(0.09525 0.025 0)
(0.0954088 0.025 0)
(0.0955675 0.025 0)
(0.0957262 0.025 0)
(0.095885 0.025 0)
(0.0960437 0.025 0)
(0.0962025 0.025 0)
(0.0963612 0.025 0)
(0.09652 0.025 0)
(0.0966787 0.025 0)
(0.0968375 0.025 0)
(0.0969963 0.025 0)
(0.097155 0.025 0)
(0.0973138 0.025 0)
(0.0974725 0.025 0)
(0.0976313 0.025 0)
(0.09779 0.025 0)
(0.0979488 0.025 0)
(0.0981075 0.025 0)
(0.0982662 0.025 0)
(0.098425 0.025 0)
(0.0985837 0.025 0)
(0.0987425 0.025 0)
(0.0989012 0.025 0)
(0.09906 0.025 0)
(0.0992187 0.025 0)
(0.0993775 0.025 0)
(0.0995363 0.025 0)
(0.099695 0.025 0)
(0.0998538 0.025 0)
(0.100013 0.025 0)
(0.100171 0.025 0)
(0.10033 0.025 0)
(0.100489 0.025 0)
(0.100648 0.025 0)
(0.100806 0.025 0)
(0.100965 0.025 0)
(0.101124 0.025 0)
(0.101282 0.025 0)
(0.101441 0.025 0)
(0.1016 0.025 0)
(0.101759 0.025 0)
(0.101917 0.025 0)
(0.102076 0.025 0)
(0.102235 0.025 0)
(0.102394 0.025 0)
(0.102553 0.025 0)
(0.102711 0.025 0)
(0.10287 0.025 0)
(0.103029 0.025 0)
(0.103188 0.025 0)
(0.103346 0.025 0)
(0.103505 0.025 0)
(0.103664 0.025 0)
(0.103822 0.025 0)
(0.103981 0.025 0)
(0.10414 0.025 0)
(0.104299 0.025 0)
(0.104457 0.025 0)
(0.104616 0.025 0)
(0.104775 0.025 0)
(0.104934 0.025 0)
(0.105093 0.025 0)
(0.105251 0.025 0)
(0.10541 0.025 0)
(0.105569 0.025 0)
(0.105728 0.025 0)
(0.105886 0.025 0)
(0.106045 0.025 0)
(0.106204 0.025 0)
(0.106362 0.025 0)
(0.106521 0.025 0)
(0.10668 0.025 0)
(0.106839 0.025 0)
(0.106997 0.025 0)
(0.107156 0.025 0)
(0.107315 0.025 0)
(0.107474 0.025 0)
(0.107633 0.025 0)
(0.107791 0.025 0)
(0.10795 0.025 0)
(0.108109 0.025 0)
(0.108268 0.025 0)
(0.108426 0.025 0)
(0.108585 0.025 0)
(0.108744 0.025 0)
(0.108902 0.025 0)
(0.109061 0.025 0)
(0.10922 0.025 0)
(0.109379 0.025 0)
(0.109537 0.025 0)
(0.109696 0.025 0)
(0.109855 0.025 0)
(0.110014 0.025 0)
(0.110173 0.025 0)
(0.110331 0.025 0)
(0.11049 0.025 0)
(0.110649 0.025 0)
(0.110808 0.025 0)
(0.110966 0.025 0)
(0.111125 0.025 0)
(0.111284 0.025 0)
(0.111442 0.025 0)
(0.111601 0.025 0)
(0.11176 0.025 0)
(0.111919 0.025 0)
(0.112077 0.025 0)
(0.112236 0.025 0)
(0.112395 0.025 0)
(0.112554 0.025 0)
(0.112712 0.025 0)
(0.112871 0.025 0)
(0.11303 0.025 0)
(0.113189 0.025 0)
(0.113348 0.025 0)
(0.113506 0.025 0)
(0.113665 0.025 0)
(0.113824 0.025 0)
(0.113983 0.025 0)
(0.114141 0.025 0)
(0.1143 0.025 0)
(0.114459 0.025 0)
(0.114617 0.025 0)
(0.114776 0.025 0)
(0.114935 0.025 0)
(0.115094 0.025 0)
(0.115252 0.025 0)
(0.115411 0.025 0)
(0.11557 0.025 0)
(0.115729 0.025 0)
(0.115888 0.025 0)
(0.116046 0.025 0)
(0.116205 0.025 0)
(0.116364 0.025 0)
(0.116523 0.025 0)
(0.116681 0.025 0)
(0.11684 0.025 0)
(0.116999 0.025 0)
(0.117157 0.025 0)
(0.117316 0.025 0)
(0.117475 0.025 0)
(0.117634 0.025 0)
(0.117792 0.025 0)
(0.117951 0.025 0)
(0.11811 0.025 0)
(0.118269 0.025 0)
(0.118428 0.025 0)
(0.118586 0.025 0)
(0.118745 0.025 0)
(0.118904 0.025 0)
(0.119063 0.025 0)
(0.119221 0.025 0)
(0.11938 0.025 0)
(0.119539 0.025 0)
(0.119697 0.025 0)
(0.119856 0.025 0)
(0.120015 0.025 0)
(0.120174 0.025 0)
(0.120332 0.025 0)
(0.120491 0.025 0)
(0.12065 0.025 0)
(0.120809 0.025 0)
(0.120968 0.025 0)
(0.121126 0.025 0)
(0.121285 0.025 0)
(0.121444 0.025 0)
(0.121603 0.025 0)
(0.121761 0.025 0)
(0.12192 0.025 0)
(0.122079 0.025 0)
(0.122237 0.025 0)
(0.122396 0.025 0)
(0.122555 0.025 0)
(0.122714 0.025 0)
(0.122872 0.025 0)
(0.123031 0.025 0)
(0.12319 0.025 0)
(0.123349 0.025 0)
(0.123508 0.025 0)
(0.123666 0.025 0)
(0.123825 0.025 0)
(0.123984 0.025 0)
(0.124143 0.025 0)
(0.124301 0.025 0)
(0.12446 0.025 0)
(0.124619 0.025 0)
(0.124777 0.025 0)
(0.124936 0.025 0)
(0.125095 0.025 0)
(0.125254 0.025 0)
(0.125413 0.025 0)
(0.125571 0.025 0)
(0.12573 0.025 0)
(0.125889 0.025 0)
(0.126048 0.025 0)
(0.126206 0.025 0)
(0.126365 0.025 0)
(0.126524 0.025 0)
(0.126683 0.025 0)
(0.126841 0.025 0)
(0.127 0.025 0)
(0 0 0.001)
(0.00015875 0 0.001)
(0.0003175 0 0.001)
(0.00047625 0 0.001)
(0.000635 0 0.001)
(0.00079375 0 0.001)
(0.0009525 0 0.001)
(0.00111125 0 0.001)
(0.00127 0 0.001)
(0.00142875 0 0.001)
(0.0015875 0 0.001)
(0.00174625 0 0.001)
(0.001905 0 0.001)
(0.00206375 0 0.001)
(0.0022225 0 0.001)
(0.00238125 0 0.001)
(0.00254 0 0.001)
(0.00269875 0 0.001)
(0.0028575 0 0.001)
(0.00301625 0 0.001)
(0.003175 0 0.001)
(0.00333375 0 0.001)
(0.0034925 0 0.001)
(0.00365125 0 0.001)
(0.00381 0 0.001)
(0.00396875 0 0.001)
(0.0041275 0 0.001)
(0.00428625 0 0.001)
(0.004445 0 0.001)
(0.00460375 0 0.001)
(0.0047625 0 0.001)
(0.00492125 0 0.001)
(0.00508 0 0.001)
(0.00523875 0 0.001)
(0.0053975 0 0.001)
(0.00555625 0 0.001)
(0.005715 0 0.001)
(0.00587375 0 0.001)
(0.0060325 0 0.001)
(0.00619125 0 0.001)
(0.00635 0 0.001)
(0.00650875 0 0.001)
(0.0066675 0 0.001)
(0.00682625 0 0.001)
(0.006985 0 0.001)
(0.00714375 0 0.001)
(0.0073025 0 0.001)
(0.00746125 0 0.001)
(0.00762 0 0.001)
(0.00777875 0 0.001)
(0.0079375 0 0.001)
(0.00809625 0 0.001)
(0.008255 0 0.001)
(0.00841375 0 0.001)
(0.0085725 0 0.001)
(0.00873125 0 0.001)
(0.00889 0 0.001)
(0.00904875 0 0.001)
(0.0092075 0 0.001)
(0.00936625 0 0.001)
(0.009525 0 0.001)
(0.00968375 0 0.001)
(0.0098425 0 0.001)
(0.0100012 0 0.001)
(0.01016 0 0.001)
(0.0103187 0 0.001)
(0.0104775 0 0.001)
(0.0106362 0 0.001)
(0.010795 0 0.001)
(0.0109537 0 0.001)
(0.0111125 0 0.001)
(0.0112713 0 0.001)
(0.01143 0 0.001)
(0.0115888 0 0.001)
(0.0117475 0 0.001)
(0.0119063 0 0.001)
(0.012065 0 0.001)
(0.0122238 0 0.001)
(0.0123825 0 0.001)
(0.0125413 0 0.001)
(0.0127 0 0.001)
(0.0128588 0 0.001)
(0.0130175 0 0.001)
(0.0131763 0 0.001)
(0.013335 0 0.001)
(0.0134938 0 0.001)
(0.0136525 0 0.001)
(0.0138113 0 0.001)
(0.01397 0 0.001)
(0.0141288 0 0.001)
(0.0142875 0 0.001)
(0.0144463 0 0.001)
(0.014605 0 0.001)
(0.0147638 0 0.001)
(0.0149225 0 0.001)
(0.0150812 0 0.001)
(0.01524 0 0.001)
(0.0153987 0 0.001)
(0.0155575 0 0.001)
(0.0157163 0 0.001)
(0.015875 0 0.001)
(0.0160337 0 0.001)
(0.0161925 0 0.001)
(0.0163513 0 0.001)
(0.01651 0 0.001)
(0.0166687 0 0.001)
(0.0168275 0 0.001)
(0.0169863 0 0.001)
(0.017145 0 0.001)
(0.0173037 0 0.001)
(0.0174625 0 0.001)
(0.0176213 0 0.001)
(0.01778 0 0.001)
(0.0179387 0 0.001)
(0.0180975 0 0.001)
(0.0182563 0 0.001)
(0.018415 0 0.001)
(0.0185737 0 0.001)
(0.0187325 0 0.001)
(0.0188912 0 0.001)
(0.01905 0 0.001)
(0.0192088 0 0.001)
(0.0193675 0 0.001)
(0.0195262 0 0.001)
(0.019685 0 0.001)
(0.0198438 0 0.001)
(0.0200025 0 0.001)
(0.0201612 0 0.001)
(0.02032 0 0.001)
(0.0204788 0 0.001)
(0.0206375 0 0.001)
(0.0207962 0 0.001)
(0.020955 0 0.001)
(0.0211138 0 0.001)
(0.0212725 0 0.001)
(0.0214312 0 0.001)
(0.02159 0 0.001)
(0.0217488 0 0.001)
(0.0219075 0 0.001)
(0.0220662 0 0.001)
(0.022225 0 0.001)
(0.0223838 0 0.001)
(0.0225425 0 0.001)
(0.0227012 0 0.001)
(0.02286 0 0.001)
(0.0230188 0 0.001)
(0.0231775 0 0.001)
(0.0233362 0 0.001)
(0.023495 0 0.001)
(0.0236538 0 0.001)
(0.0238125 0 0.001)
(0.0239712 0 0.001)
(0.02413 0 0.001)
(0.0242888 0 0.001)
(0.0244475 0 0.001)
(0.0246062 0 0.001)
(0.024765 0 0.001)
(0.0249238 0 0.001)
(0.0250825 0 0.001)
(0.0252412 0 0.001)
(0.0254 0 0.001)
(0.0255588 0 0.001)
(0.0257175 0 0.001)
(0.0258762 0 0.001)
(0.026035 0 0.001)
(0.0261937 0 0.001)
(0.0263525 0 0.001)
(0.0265113 0 0.001)
(0.02667 0 0.001)
(0.0268287 0 0.001)
(0.0269875 0 0.001)
(0.0271463 0 0.001)
(0.027305 0 0.001)
(0.0274637 0 0.001)
(0.0276225 0 0.001)
(0.0277813 0 0.001)
(0.02794 0 0.001)
(0.0280987 0 0.001)
(0.0282575 0 0.001)
(0.0284163 0 0.001)
(0.028575 0 0.001)
(0.0287337 0 0.001)
(0.0288925 0 0.001)
(0.0290513 0 0.001)
(0.02921 0 0.001)
(0.0293687 0 0.001)
(0.0295275 0 0.001)
(0.0296863 0 0.001)
(0.029845 0 0.001)
(0.0300037 0 0.001)
(0.0301625 0 0.001)
(0.0303213 0 0.001)
(0.03048 0 0.001)
(0.0306387 0 0.001)
(0.0307975 0 0.001)
(0.0309563 0 0.001)
(0.031115 0 0.001)
(0.0312738 0 0.001)
(0.0314325 0 0.001)
(0.0315913 0 0.001)
(0.03175 0 0.001)
(0.0319087 0 0.001)
(0.0320675 0 0.001)
(0.0322262 0 0.001)
(0.032385 0 0.001)
(0.0325438 0 0.001)
(0.0327025 0 0.001)
(0.0328613 0 0.001)
(0.03302 0 0.001)
(0.0331787 0 0.001)
(0.0333375 0 0.001)
(0.0334962 0 0.001)
(0.033655 0 0.001)
(0.0338137 0 0.001)
(0.0339725 0 0.001)
(0.0341313 0 0.001)
(0.03429 0 0.001)
(0.0344488 0 0.001)
(0.0346075 0 0.001)
(0.0347662 0 0.001)
(0.034925 0 0.001)
(0.0350837 0 0.001)
(0.0352425 0 0.001)
(0.0354013 0 0.001)
(0.03556 0 0.001)
(0.0357188 0 0.001)
(0.0358775 0 0.001)
(0.0360362 0 0.001)
(0.036195 0 0.001)
(0.0363537 0 0.001)
(0.0365125 0 0.001)
(0.0366713 0 0.001)
(0.03683 0 0.001)
(0.0369888 0 0.001)
(0.0371475 0 0.001)
(0.0373062 0 0.001)
(0.037465 0 0.001)
(0.0376237 0 0.001)
(0.0377825 0 0.001)
(0.0379413 0 0.001)
(0.0381 0 0.001)
(0.0382588 0 0.001)
(0.0384175 0 0.001)
(0.0385762 0 0.001)
(0.038735 0 0.001)
(0.0388937 0 0.001)
(0.0390525 0 0.001)
(0.0392113 0 0.001)
(0.03937 0 0.001)
(0.0395288 0 0.001)
(0.0396875 0 0.001)
(0.0398462 0 0.001)
(0.040005 0 0.001)
(0.0401637 0 0.001)
(0.0403225 0 0.001)
(0.0404813 0 0.001)
(0.04064 0 0.001)
(0.0407988 0 0.001)
(0.0409575 0 0.001)
(0.0411163 0 0.001)
(0.041275 0 0.001)
(0.0414337 0 0.001)
(0.0415925 0 0.001)
(0.0417512 0 0.001)
(0.04191 0 0.001)
(0.0420688 0 0.001)
(0.0422275 0 0.001)
(0.0423863 0 0.001)
(0.042545 0 0.001)
(0.0427037 0 0.001)
(0.0428625 0 0.001)
(0.0430212 0 0.001)
(0.04318 0 0.001)
(0.0433388 0 0.001)
(0.0434975 0 0.001)
(0.0436563 0 0.001)
(0.043815 0 0.001)
(0.0439737 0 0.001)
(0.0441325 0 0.001)
(0.0442912 0 0.001)
(0.04445 0 0.001)
(0.0446088 0 0.001)
(0.0447675 0 0.001)
(0.0449263 0 0.001)
(0.045085 0 0.001)
(0.0452437 0 0.001)
(0.0454025 0 0.001)
(0.0455612 0 0.001)
(0.04572 0 0.001)
(0.0458788 0 0.001)
(0.0460375 0 0.001)
(0.0461963 0 0.001)
(0.046355 0 0.001)
(0.0465137 0 0.001)
(0.0466725 0 0.001)
(0.0468312 0 0.001)
(0.04699 0 0.001)
(0.0471488 0 0.001)
(0.0473075 0 0.001)
(0.0474663 0 0.001)
(0.047625 0 0.001)
(0.0477837 0 0.001)
(0.0479425 0 0.001)
(0.0481012 0 0.001)
(0.04826 0 0.001)
(0.0484188 0 0.001)
(0.0485775 0 0.001)
(0.0487363 0 0.001)
(0.048895 0 0.001)
(0.0490538 0 0.001)
(0.0492125 0 0.001)
(0.0493712 0 0.001)
(0.04953 0 0.001)
(0.0496887 0 0.001)
(0.0498475 0 0.001)
(0.0500063 0 0.001)
(0.050165 0 0.001)
(0.0503238 0 0.001)
(0.0504825 0 0.001)
(0.0506412 0 0.001)
(0.0508 0 0.001)
(0.0509587 0 0.001)
(0.0511175 0 0.001)
(0.0512763 0 0.001)
(0.051435 0 0.001)
(0.0515938 0 0.001)
(0.0517525 0 0.001)
(0.0519112 0 0.001)
(0.05207 0 0.001)
(0.0522287 0 0.001)
(0.0523875 0 0.001)
(0.0525463 0 0.001)
(0.052705 0 0.001)
(0.0528638 0 0.001)
(0.0530225 0 0.001)
(0.0531812 0 0.001)
(0.05334 0 0.001)
(0.0534987 0 0.001)
(0.0536575 0 0.001)
(0.0538163 0 0.001)
(0.053975 0 0.001)
(0.0541338 0 0.001)
(0.0542925 0 0.001)
(0.0544512 0 0.001)
(0.05461 0 0.001)
(0.0547687 0 0.001)
(0.0549275 0 0.001)
(0.0550863 0 0.001)
(0.055245 0 0.001)
(0.0554038 0 0.001)
(0.0555625 0 0.001)
(0.0557212 0 0.001)
(0.05588 0 0.001)
(0.0560387 0 0.001)
(0.0561975 0 0.001)
(0.0563562 0 0.001)
(0.056515 0 0.001)
(0.0566738 0 0.001)
(0.0568325 0 0.001)
(0.0569913 0 0.001)
(0.05715 0 0.001)
(0.0573087 0 0.001)
(0.0574675 0 0.001)
(0.0576262 0 0.001)
(0.057785 0 0.001)
(0.0579438 0 0.001)
(0.0581025 0 0.001)
(0.0582613 0 0.001)
(0.05842 0 0.001)
(0.0585787 0 0.001)
(0.0587375 0 0.001)
(0.0588962 0 0.001)
(0.059055 0 0.001)
(0.0592138 0 0.001)
(0.0593725 0 0.001)
(0.0595313 0 0.001)
(0.05969 0 0.001)
(0.0598487 0 0.001)
(0.0600075 0 0.001)
(0.0601662 0 0.001)
(0.060325 0 0.001)
(0.0604838 0 0.001)
(0.0606425 0 0.001)
(0.0608013 0 0.001)
(0.06096 0 0.001)
(0.0611187 0 0.001)
(0.0612775 0 0.001)
(0.0614362 0 0.001)
(0.061595 0 0.001)
(0.0617538 0 0.001)
(0.0619125 0 0.001)
(0.0620713 0 0.001)
(0.06223 0 0.001)
(0.0623887 0 0.001)
(0.0625475 0 0.001)
(0.0627063 0 0.001)
(0.062865 0 0.001)
(0.0630238 0 0.001)
(0.0631825 0 0.001)
(0.0633413 0 0.001)
(0.0635 0 0.001)
(0.0636588 0 0.001)
(0.0638175 0 0.001)
(0.0639762 0 0.001)
(0.064135 0 0.001)
(0.0642937 0 0.001)
(0.0644525 0 0.001)
(0.0646112 0 0.001)
(0.06477 0 0.001)
(0.0649287 0 0.001)
(0.0650875 0 0.001)
(0.0652463 0 0.001)
(0.065405 0 0.001)
(0.0655638 0 0.001)
(0.0657225 0 0.001)
(0.0658813 0 0.001)
(0.06604 0 0.001)
(0.0661988 0 0.001)
(0.0663575 0 0.001)
(0.0665162 0 0.001)
(0.066675 0 0.001)
(0.0668337 0 0.001)
(0.0669925 0 0.001)
(0.0671512 0 0.001)
(0.06731 0 0.001)
(0.0674687 0 0.001)
(0.0676275 0 0.001)
(0.0677863 0 0.001)
(0.067945 0 0.001)
(0.0681038 0 0.001)
(0.0682625 0 0.001)
(0.0684213 0 0.001)
(0.06858 0 0.001)
(0.0687388 0 0.001)
(0.0688975 0 0.001)
(0.0690562 0 0.001)
(0.069215 0 0.001)
(0.0693737 0 0.001)
(0.0695325 0 0.001)
(0.0696912 0 0.001)
(0.06985 0 0.001)
(0.0700087 0 0.001)
(0.0701675 0 0.001)
(0.0703263 0 0.001)
(0.070485 0 0.001)
(0.0706438 0 0.001)
(0.0708025 0 0.001)
(0.0709613 0 0.001)
(0.07112 0 0.001)
(0.0712788 0 0.001)
(0.0714375 0 0.001)
(0.0715963 0 0.001)
(0.071755 0 0.001)
(0.0719137 0 0.001)
(0.0720725 0 0.001)
(0.0722312 0 0.001)
(0.07239 0 0.001)
(0.0725487 0 0.001)
(0.0727075 0 0.001)
(0.0728662 0 0.001)
(0.073025 0 0.001)
(0.0731838 0 0.001)
(0.0733425 0 0.001)
(0.0735013 0 0.001)
(0.07366 0 0.001)
(0.0738188 0 0.001)
(0.0739775 0 0.001)
(0.0741363 0 0.001)
(0.074295 0 0.001)
(0.0744537 0 0.001)
(0.0746125 0 0.001)
(0.0747712 0 0.001)
(0.07493 0 0.001)
(0.0750887 0 0.001)
(0.0752475 0 0.001)
(0.0754062 0 0.001)
(0.075565 0 0.001)
(0.0757238 0 0.001)
(0.0758825 0 0.001)
(0.0760413 0 0.001)
(0.0762 0 0.001)
(0.0763588 0 0.001)
(0.0765175 0 0.001)
(0.0766763 0 0.001)
(0.076835 0 0.001)
(0.0769937 0 0.001)
(0.0771525 0 0.001)
(0.0773112 0 0.001)
(0.07747 0 0.001)
(0.0776287 0 0.001)
(0.0777875 0 0.001)
(0.0779462 0 0.001)
(0.078105 0 0.001)
(0.0782638 0 0.001)
(0.0784225 0 0.001)
(0.0785813 0 0.001)
(0.07874 0 0.001)
(0.0788988 0 0.001)
(0.0790575 0 0.001)
(0.0792163 0 0.001)
(0.079375 0 0.001)
(0.0795338 0 0.001)
(0.0796925 0 0.001)
(0.0798512 0 0.001)
(0.08001 0 0.001)
(0.0801687 0 0.001)
(0.0803275 0 0.001)
(0.0804862 0 0.001)
(0.080645 0 0.001)
(0.0808037 0 0.001)
(0.0809625 0 0.001)
(0.0811213 0 0.001)
(0.08128 0 0.001)
(0.0814388 0 0.001)
(0.0815975 0 0.001)
(0.0817563 0 0.001)
(0.081915 0 0.001)
(0.0820738 0 0.001)
(0.0822325 0 0.001)
(0.0823912 0 0.001)
(0.08255 0 0.001)
(0.0827087 0 0.001)
(0.0828675 0 0.001)
(0.0830262 0 0.001)
(0.083185 0 0.001)
(0.0833437 0 0.001)
(0.0835025 0 0.001)
(0.0836613 0 0.001)
(0.08382 0 0.001)
(0.0839788 0 0.001)
(0.0841375 0 0.001)
(0.0842963 0 0.001)
(0.084455 0 0.001)
(0.0846138 0 0.001)
(0.0847725 0 0.001)
(0.0849312 0 0.001)
(0.08509 0 0.001)
(0.0852487 0 0.001)
(0.0854075 0 0.001)
(0.0855662 0 0.001)
(0.085725 0 0.001)
(0.0858837 0 0.001)
(0.0860425 0 0.001)
(0.0862012 0 0.001)
(0.08636 0 0.001)
(0.0865188 0 0.001)
(0.0866775 0 0.001)
(0.0868363 0 0.001)
(0.086995 0 0.001)
(0.0871538 0 0.001)
(0.0873125 0 0.001)
(0.0874713 0 0.001)
(0.08763 0 0.001)
(0.0877887 0 0.001)
(0.0879475 0 0.001)
(0.0881062 0 0.001)
(0.088265 0 0.001)
(0.0884237 0 0.001)
(0.0885825 0 0.001)
(0.0887412 0 0.001)
(0.0889 0 0.001)
(0.0890588 0 0.001)
(0.0892175 0 0.001)
(0.0893763 0 0.001)
(0.089535 0 0.001)
(0.0896938 0 0.001)
(0.0898525 0 0.001)
(0.0900113 0 0.001)
(0.09017 0 0.001)
(0.0903287 0 0.001)
(0.0904875 0 0.001)
(0.0906462 0 0.001)
(0.090805 0 0.001)
(0.0909637 0 0.001)
(0.0911225 0 0.001)
(0.0912812 0 0.001)
(0.09144 0 0.001)
(0.0915988 0 0.001)
(0.0917575 0 0.001)
(0.0919163 0 0.001)
(0.092075 0 0.001)
(0.0922338 0 0.001)
(0.0923925 0 0.001)
(0.0925513 0 0.001)
(0.09271 0 0.001)
(0.0928687 0 0.001)
(0.0930275 0 0.001)
(0.0931862 0 0.001)
(0.093345 0 0.001)
(0.0935037 0 0.001)
(0.0936625 0 0.001)
(0.0938212 0 0.001)
(0.09398 0 0.001)
(0.0941387 0 0.001)
(0.0942975 0 0.001)
(0.0944563 0 0.001)
(0.094615 0 0.001)
(0.0947738 0 0.001)
(0.0949325 0 0.001)
(0.0950913 0 0.001)
(0.09525 0 0.001)
(0.0954088 0 0.001)
(0.0955675 0 0.001)
(0.0957262 0 0.001)
(0.095885 0 0.001)
(0.0960437 0 0.001)
(0.0962025 0 0.001)
(0.0963612 0 0.001)
(0.09652 0 0.001)
(0.0966787 0 0.001)
(0.0968375 0 0.001)
(0.0969963 0 0.001)
(0.097155 0 0.001)
(0.0973138 0 0.001)
(0.0974725 0 0.001)
(0.0976313 0 0.001)
(0.09779 0 0.001)
(0.0979488 0 0.001)
(0.0981075 0 0.001)
(0.0982662 0 0.001)
(0.098425 0 0.001)
(0.0985837 0 0.001)
(0.0987425 0 0.001)
(0.0989012 0 0.001)
(0.09906 0 0.001)
(0.0992187 0 0.001)
(0.0993775 0 0.001)
(0.0995363 0 0.001)
(0.099695 0 0.001)
(0.0998538 0 0.001)
(0.100013 0 0.001)
(0.100171 0 0.001)
(0.10033 0 0.001)
(0.100489 0 0.001)
(0.100648 0 0.001)
(0.100806 0 0.001)
(0.100965 0 0.001)
(0.101124 0 0.001)
(0.101282 0 0.001)
(0.101441 0 0.001)
(0.1016 0 0.001)
(0.101759 0 0.001)
(0.101917 0 0.001)
(0.102076 0 0.001)
(0.102235 0 0.001)
(0.102394 0 0.001)
(0.102553 0 0.001)
(0.102711 0 0.001)
(0.10287 0 0.001)
(0.103029 0 0.001)
(0.103188 0 0.001)
(0.103346 0 0.001)
(0.103505 0 0.001)
(0.103664 0 0.001)
(0.103822 0 0.001)
(0.103981 0 0.001)
(0.10414 0 0.001)
(0.104299 0 0.001)
(0.104457 0 0.001)
(0.104616 0 0.001)
(0.104775 0 0.001)
(0.104934 0 0.001)
(0.105093 0 0.001)
(0.105251 0 0.001)
(0.10541 0 0.001)
(0.105569 0 0.001)
(0.105728 0 0.001)
(0.105886 0 0.001)
(0.106045 0 0.001)
(0.106204 0 0.001)
(0.106362 0 0.001)
(0.106521 0 0.001)
(0.10668 0 0.001)
(0.106839 0 0.001)
(0.106997 0 0.001)
(0.107156 0 0.001)
(0.107315 0 0.001)
(0.107474 0 0.001)
(0.107633 0 0.001)
(0.107791 0 0.001)
(0.10795 0 0.001)
(0.108109 0 0.001)
(0.108268 0 0.001)
(0.108426 0 0.001)
(0.108585 0 0.001)
(0.108744 0 0.001)
(0.108902 0 0.001)
(0.109061 0 0.001)
(0.10922 0 0.001)
(0.109379 0 0.001)
(0.109537 0 0.001)
(0.109696 0 0.001)
(0.109855 0 0.001)
(0.110014 0 0.001)
(0.110173 0 0.001)
(0.110331 0 0.001)
(0.11049 0 0.001)
(0.110649 0 0.001)
(0.110808 0 0.001)
(0.110966 0 0.001)
(0.111125 0 0.001)
(0.111284 0 0.001)
(0.111442 0 0.001)
(0.111601 0 0.001)
(0.11176 0 0.001)
(0.111919 0 0.001)
(0.112077 0 0.001)
(0.112236 0 0.001)
(0.112395 0 0.001)
(0.112554 0 0.001)
(0.112712 0 0.001)
(0.112871 0 0.001)
(0.11303 0 0.001)
(0.113189 0 0.001)
(0.113348 0 0.001)
(0.113506 0 0.001)
(0.113665 0 0.001)
(0.113824 0 0.001)
(0.113983 0 0.001)
(0.114141 0 0.001)
(0.1143 0 0.001)
(0.114459 0 0.001)
(0.114617 0 0.001)
(0.114776 0 0.001)
(0.114935 0 0.001)
(0.115094 0 0.001)
(0.115252 0 0.001)
(0.115411 0 0.001)
(0.11557 0 0.001)
(0.115729 0 0.001)
(0.115888 0 0.001)
(0.116046 0 0.001)
(0.116205 0 0.001)
(0.116364 0 0.001)
(0.116523 0 0.001)
(0.116681 0 0.001)
(0.11684 0 0.001)
(0.116999 0 0.001)
(0.117157 0 0.001)
(0.117316 0 0.001)
(0.117475 0 0.001)
(0.117634 0 0.001)
(0.117792 0 0.001)
(0.117951 0 0.001)
(0.11811 0 0.001)
(0.118269 0 0.001)
(0.118428 0 0.001)
(0.118586 0 0.001)
(0.118745 0 0.001)
(0.118904 0 0.001)
(0.119063 0 0.001)
(0.119221 0 0.001)
(0.11938 0 0.001)
(0.119539 0 0.001)
(0.119697 0 0.001)
(0.119856 0 0.001)
(0.120015 0 0.001)
(0.120174 0 0.001)
(0.120332 0 0.001)
(0.120491 0 0.001)
(0.12065 0 0.001)
(0.120809 0 0.001)
(0.120968 0 0.001)
(0.121126 0 0.001)
(0.121285 0 0.001)
(0.121444 0 0.001)
(0.121603 0 0.001)
(0.121761 0 0.001)
(0.12192 0 0.001)
(0.122079 0 0.001)
(0.122237 0 0.001)
(0.122396 0 0.001)
(0.122555 0 0.001)
(0.122714 0 0.001)
(0.122872 0 0.001)
(0.123031 0 0.001)
(0.12319 0 0.001)
(0.123349 0 0.001)
(0.123508 0 0.001)
(0.123666 0 0.001)
(0.123825 0 0.001)
(0.123984 0 0.001)
(0.124143 0 0.001)
(0.124301 0 0.001)
(0.12446 0 0.001)
(0.124619 0 0.001)
(0.124777 0 0.001)
(0.124936 0 0.001)
(0.125095 0 0.001)
(0.125254 0 0.001)
(0.125413 0 0.001)
(0.125571 0 0.001)
(0.12573 0 0.001)
(0.125889 0 0.001)
(0.126048 0 0.001)
(0.126206 0 0.001)
(0.126365 0 0.001)
(0.126524 0 0.001)
(0.126683 0 0.001)
(0.126841 0 0.001)
(0.127 0 0.001)
(0 0.025 0.001)
(0.00015875 0.025 0.001)
(0.0003175 0.025 0.001)
(0.00047625 0.025 0.001)
(0.000635 0.025 0.001)
(0.00079375 0.025 0.001)
(0.0009525 0.025 0.001)
(0.00111125 0.025 0.001)
(0.00127 0.025 0.001)
(0.00142875 0.025 0.001)
(0.0015875 0.025 0.001)
(0.00174625 0.025 0.001)
(0.001905 0.025 0.001)
(0.00206375 0.025 0.001)
(0.0022225 0.025 0.001)
(0.00238125 0.025 0.001)
(0.00254 0.025 0.001)
(0.00269875 0.025 0.001)
(0.0028575 0.025 0.001)
(0.00301625 0.025 0.001)
(0.003175 0.025 0.001)
(0.00333375 0.025 0.001)
(0.0034925 0.025 0.001)
(0.00365125 0.025 0.001)
(0.00381 0.025 0.001)
(0.00396875 0.025 0.001)
(0.0041275 0.025 0.001)
(0.00428625 0.025 0.001)
(0.004445 0.025 0.001)
(0.00460375 0.025 0.001)
(0.0047625 0.025 0.001)
(0.00492125 0.025 0.001)
(0.00508 0.025 0.001)
(0.00523875 0.025 0.001)
(0.0053975 0.025 0.001)
(0.00555625 0.025 0.001)
(0.005715 0.025 0.001)
(0.00587375 0.025 0.001)
(0.0060325 0.025 0.001)
(0.00619125 0.025 0.001)
(0.00635 0.025 0.001)
(0.00650875 0.025 0.001)
(0.0066675 0.025 0.001)
(0.00682625 0.025 0.001)
(0.006985 0.025 0.001)
(0.00714375 0.025 0.001)
(0.0073025 0.025 0.001)
(0.00746125 0.025 0.001)
(0.00762 0.025 0.001)
(0.00777875 0.025 0.001)
(0.0079375 0.025 0.001)
(0.00809625 0.025 0.001)
(0.008255 0.025 0.001)
(0.00841375 0.025 0.001)
(0.0085725 0.025 0.001)
(0.00873125 0.025 0.001)
(0.00889 0.025 0.001)
(0.00904875 0.025 0.001)
(0.0092075 0.025 0.001)
(0.00936625 0.025 0.001)
(0.009525 0.025 0.001)
(0.00968375 0.025 0.001)
(0.0098425 0.025 0.001)
(0.0100012 0.025 0.001)
(0.01016 0.025 0.001)
(0.0103187 0.025 0.001)
(0.0104775 0.025 0.001)
(0.0106362 0.025 0.001)
(0.010795 0.025 0.001)
(0.0109537 0.025 0.001)
(0.0111125 0.025 0.001)
(0.0112713 0.025 0.001)
(0.01143 0.025 0.001)
(0.0115888 0.025 0.001)
(0.0117475 0.025 0.001)
(0.0119063 0.025 0.001)
(0.012065 0.025 0.001)
(0.0122238 0.025 0.001)
(0.0123825 0.025 0.001)
(0.0125413 0.025 0.001)
(0.0127 0.025 0.001)
(0.0128588 0.025 0.001)
(0.0130175 0.025 0.001)
(0.0131763 0.025 0.001)
(0.013335 0.025 0.001)
(0.0134938 0.025 0.001)
(0.0136525 0.025 0.001)
(0.0138113 0.025 0.001)
(0.01397 0.025 0.001)
(0.0141288 0.025 0.001)
(0.0142875 0.025 0.001)
(0.0144463 0.025 0.001)
(0.014605 0.025 0.001)
(0.0147638 0.025 0.001)
(0.0149225 0.025 0.001)
(0.0150812 0.025 0.001)
(0.01524 0.025 0.001)
(0.0153987 0.025 0.001)
(0.0155575 0.025 0.001)
(0.0157163 0.025 0.001)
(0.015875 0.025 0.001)
(0.0160337 0.025 0.001)
(0.0161925 0.025 0.001)
(0.0163513 0.025 0.001)
(0.01651 0.025 0.001)
(0.0166687 0.025 0.001)
(0.0168275 0.025 0.001)
(0.0169863 0.025 0.001)
(0.017145 0.025 0.001)
(0.0173037 0.025 0.001)
(0.0174625 0.025 0.001)
(0.0176213 0.025 0.001)
(0.01778 0.025 0.001)
(0.0179387 0.025 0.001)
(0.0180975 0.025 0.001)
(0.0182563 0.025 0.001)
(0.018415 0.025 0.001)
(0.0185737 0.025 0.001)
(0.0187325 0.025 0.001)
(0.0188912 0.025 0.001)
(0.01905 0.025 0.001)
(0.0192088 0.025 0.001)
(0.0193675 0.025 0.001)
(0.0195262 0.025 0.001)
(0.019685 0.025 0.001)
(0.0198438 0.025 0.001)
(0.0200025 0.025 0.001)
(0.0201612 0.025 0.001)
(0.02032 0.025 0.001)
(0.0204788 0.025 0.001)
(0.0206375 0.025 0.001)
(0.0207962 0.025 0.001)
(0.020955 0.025 0.001)
(0.0211138 0.025 0.001)
(0.0212725 0.025 0.001)
(0.0214312 0.025 0.001)
(0.02159 0.025 0.001)
(0.0217488 0.025 0.001)
(0.0219075 0.025 0.001)
(0.0220662 0.025 0.001)
(0.022225 0.025 0.001)
(0.0223838 0.025 0.001)
(0.0225425 0.025 0.001)
(0.0227012 0.025 0.001)
(0.02286 0.025 0.001)
(0.0230188 0.025 0.001)
(0.0231775 0.025 0.001)
(0.0233362 0.025 0.001)
(0.023495 0.025 0.001)
(0.0236538 0.025 0.001)
(0.0238125 0.025 0.001)
(0.0239712 0.025 0.001)
(0.02413 0.025 0.001)
(0.0242888 0.025 0.001)
(0.0244475 0.025 0.001)
(0.0246062 0.025 0.001)
(0.024765 0.025 0.001)
(0.0249238 0.025 0.001)
(0.0250825 0.025 0.001)
(0.0252412 0.025 0.001)
(0.0254 0.025 0.001)
(0.0255588 0.025 0.001)
(0.0257175 0.025 0.001)
(0.0258762 0.025 0.001)
(0.026035 0.025 0.001)
(0.0261937 0.025 0.001)
(0.0263525 0.025 0.001)
(0.0265113 0.025 0.001)
(0.02667 0.025 0.001)
(0.0268287 0.025 0.001)
(0.0269875 0.025 0.001)
(0.0271463 0.025 0.001)
(0.027305 0.025 0.001)
(0.0274637 0.025 0.001)
(0.0276225 0.025 0.001)
(0.0277813 0.025 0.001)
(0.02794 0.025 0.001)
(0.0280987 0.025 0.001)
(0.0282575 0.025 0.001)
(0.0284163 0.025 0.001)
(0.028575 0.025 0.001)
(0.0287337 0.025 0.001)
(0.0288925 0.025 0.001)
(0.0290513 0.025 0.001)
(0.02921 0.025 0.001)
(0.0293687 0.025 0.001)
(0.0295275 0.025 0.001)
(0.0296863 0.025 0.001)
(0.029845 0.025 0.001)
(0.0300037 0.025 0.001)
(0.0301625 0.025 0.001)
(0.0303213 0.025 0.001)
(0.03048 0.025 0.001)
(0.0306387 0.025 0.001)
(0.0307975 0.025 0.001)
(0.0309563 0.025 0.001)
(0.031115 0.025 0.001)
(0.0312738 0.025 0.001)
(0.0314325 0.025 0.001)
(0.0315913 0.025 0.001)
(0.03175 0.025 0.001)
(0.0319087 0.025 0.001)
(0.0320675 0.025 0.001)
(0.0322262 0.025 0.001)
(0.032385 0.025 0.001)
(0.0325438 0.025 0.001)
(0.0327025 0.025 0.001)
(0.0328613 0.025 0.001)
(0.03302 0.025 0.001)
(0.0331787 0.025 0.001)
(0.0333375 0.025 0.001)
(0.0334962 0.025 0.001)
(0.033655 0.025 0.001)
(0.0338137 0.025 0.001)
(0.0339725 0.025 0.001)
(0.0341313 0.025 0.001)
(0.03429 0.025 0.001)
(0.0344488 0.025 0.001)
(0.0346075 0.025 0.001)
(0.0347662 0.025 0.001)
(0.034925 0.025 0.001)
(0.0350837 0.025 0.001)
(0.0352425 0.025 0.001)
(0.0354013 0.025 0.001)
(0.03556 0.025 0.001)
(0.0357188 0.025 0.001)
(0.0358775 0.025 0.001)
(0.0360362 0.025 0.001)
(0.036195 0.025 0.001)
(0.0363537 0.025 0.001)
(0.0365125 0.025 0.001)
(0.0366713 0.025 0.001)
(0.03683 0.025 0.001)
(0.0369888 0.025 0.001)
(0.0371475 0.025 0.001)
(0.0373062 0.025 0.001)
(0.037465 0.025 0.001)
(0.0376237 0.025 0.001)
(0.0377825 0.025 0.001)
(0.0379413 0.025 0.001)
(0.0381 0.025 0.001)
(0.0382588 0.025 0.001)
(0.0384175 0.025 0.001)
(0.0385762 0.025 0.001)
(0.038735 0.025 0.001)
(0.0388937 0.025 0.001)
(0.0390525 0.025 0.001)
(0.0392113 0.025 0.001)
(0.03937 0.025 0.001)
(0.0395288 0.025 0.001)
(0.0396875 0.025 0.001)
(0.0398462 0.025 0.001)
(0.040005 0.025 0.001)
(0.0401637 0.025 0.001)
(0.0403225 0.025 0.001)
(0.0404813 0.025 0.001)
(0.04064 0.025 0.001)
(0.0407988 0.025 0.001)
(0.0409575 0.025 0.001)
(0.0411163 0.025 0.001)
(0.041275 0.025 0.001)
(0.0414337 0.025 0.001)
(0.0415925 0.025 0.001)
(0.0417512 0.025 0.001)
(0.04191 0.025 0.001)
(0.0420688 0.025 0.001)
(0.0422275 0.025 0.001)
(0.0423863 0.025 0.001)
(0.042545 0.025 0.001)
(0.0427037 0.025 0.001)
(0.0428625 0.025 0.001)
(0.0430212 0.025 0.001)
(0.04318 0.025 0.001)
(0.0433388 0.025 0.001)
(0.0434975 0.025 0.001)
(0.0436563 0.025 0.001)
(0.043815 0.025 0.001)
(0.0439737 0.025 0.001)
(0.0441325 0.025 0.001)
(0.0442912 0.025 0.001)
(0.04445 0.025 0.001)
(0.0446088 0.025 0.001)
(0.0447675 0.025 0.001)
(0.0449263 0.025 0.001)
(0.045085 0.025 0.001)
(0.0452437 0.025 0.001)
(0.0454025 0.025 0.001)
(0.0455612 0.025 0.001)
(0.04572 0.025 0.001)
(0.0458788 0.025 0.001)
(0.0460375 0.025 0.001)
(0.0461963 0.025 0.001)
(0.046355 0.025 0.001)
(0.0465137 0.025 0.001)
(0.0466725 0.025 0.001)
(0.0468312 0.025 0.001)
(0.04699 0.025 0.001)
(0.0471488 0.025 0.001)
(0.0473075 0.025 0.001)
(0.0474663 0.025 0.001)
(0.047625 0.025 0.001)
(0.0477837 0.025 0.001)
(0.0479425 0.025 0.001)
(0.0481012 0.025 0.001)
(0.04826 0.025 0.001)
(0.0484188 0.025 0.001)
(0.0485775 0.025 0.001)
(0.0487363 0.025 0.001)
(0.048895 0.025 0.001)
(0.0490538 0.025 0.001)
(0.0492125 0.025 0.001)
(0.0493712 0.025 0.001)
(0.04953 0.025 0.001)
(0.0496887 0.025 0.001)
(0.0498475 0.025 0.001)
(0.0500063 0.025 0.001)
(0.050165 0.025 0.001)
(0.0503238 0.025 0.001)
(0.0504825 0.025 0.001)
(0.0506412 0.025 0.001)
(0.0508 0.025 0.001)
(0.0509587 0.025 0.001)
(0.0511175 0.025 0.001)
(0.0512763 0.025 0.001)
(0.051435 0.025 0.001)
(0.0515938 0.025 0.001)
(0.0517525 0.025 0.001)
(0.0519112 0.025 0.001)
(0.05207 0.025 0.001)
(0.0522287 0.025 0.001)
(0.0523875 0.025 0.001)
(0.0525463 0.025 0.001)
(0.052705 0.025 0.001)
(0.0528638 0.025 0.001)
(0.0530225 0.025 0.001)
(0.0531812 0.025 0.001)
(0.05334 0.025 0.001)
(0.0534987 0.025 0.001)
(0.0536575 0.025 0.001)
(0.0538163 0.025 0.001)
(0.053975 0.025 0.001)
(0.0541338 0.025 0.001)
(0.0542925 0.025 0.001)
(0.0544512 0.025 0.001)
(0.05461 0.025 0.001)
(0.0547687 0.025 0.001)
(0.0549275 0.025 0.001)
(0.0550863 0.025 0.001)
(0.055245 0.025 0.001)
(0.0554038 0.025 0.001)
(0.0555625 0.025 0.001)
(0.0557212 0.025 0.001)
(0.05588 0.025 0.001)
(0.0560387 0.025 0.001)
(0.0561975 0.025 0.001)
(0.0563562 0.025 0.001)
(0.056515 0.025 0.001)
(0.0566738 0.025 0.001)
(0.0568325 0.025 0.001)
(0.0569913 0.025 0.001)
(0.05715 0.025 0.001)
(0.0573087 0.025 0.001)
(0.0574675 0.025 0.001)
(0.0576262 0.025 0.001)
(0.057785 0.025 0.001)
(0.0579438 0.025 0.001)
(0.0581025 0.025 0.001)
(0.0582613 0.025 0.001)
(0.05842 0.025 0.001)
(0.0585787 0.025 0.001)
(0.0587375 0.025 0.001)
(0.0588962 0.025 0.001)
(0.059055 0.025 0.001)
(0.0592138 0.025 0.001)
(0.0593725 0.025 0.001)
(0.0595313 0.025 0.001)
(0.05969 0.025 0.001)
(0.0598487 0.025 0.001)
(0.0600075 0.025 0.001)
(0.0601662 0.025 0.001)
(0.060325 0.025 0.001)
(0.0604838 0.025 0.001)
(0.0606425 0.025 0.001)
(0.0608013 0.025 0.001)
(0.06096 0.025 0.001)
(0.0611187 0.025 0.001)
(0.0612775 0.025 0.001)
(0.0614362 0.025 0.001)
(0.061595 0.025 0.001)
(0.0617538 0.025 0.001)
(0.0619125 0.025 0.001)
(0.0620713 0.025 0.001)
(0.06223 0.025 0.001)
(0.0623887 0.025 0.001)
(0.0625475 0.025 0.001)
(0.0627063 0.025 0.001)
(0.062865 0.025 0.001)
(0.0630238 0.025 0.001)
(0.0631825 0.025 0.001)
(0.0633413 0.025 0.001)
(0.0635 0.025 0.001)
(0.0636588 0.025 0.001)
(0.0638175 0.025 0.001)
(0.0639762 0.025 0.001)
(0.064135 0.025 0.001)
(0.0642937 0.025 0.001)
(0.0644525 0.025 0.001)
(0.0646112 0.025 0.001)
(0.06477 0.025 0.001)
(0.0649287 0.025 0.001)
(0.0650875 0.025 0.001)
(0.0652463 0.025 0.001)
(0.065405 0.025 0.001)
(0.0655638 0.025 0.001)
(0.0657225 0.025 0.001)
(0.0658813 0.025 0.001)
(0.06604 0.025 0.001)
(0.0661988 0.025 0.001)
(0.0663575 0.025 0.001)
(0.0665162 0.025 0.001)
(0.066675 0.025 0.001)
(0.0668337 0.025 0.001)
(0.0669925 0.025 0.001)
(0.0671512 0.025 0.001)
(0.06731 0.025 0.001)
(0.0674687 0.025 0.001)
(0.0676275 0.025 0.001)
(0.0677863 0.025 0.001)
(0.067945 0.025 0.001)
(0.0681038 0.025 0.001)
(0.0682625 0.025 0.001)
(0.0684213 0.025 0.001)
(0.06858 0.025 0.001)
(0.0687388 0.025 0.001)
(0.0688975 0.025 0.001)
(0.0690562 0.025 0.001)
(0.069215 0.025 0.001)
(0.0693737 0.025 0.001)
(0.0695325 0.025 0.001)
(0.0696912 0.025 0.001)
(0.06985 0.025 0.001)
(0.0700087 0.025 0.001)
(0.0701675 0.025 0.001)
(0.0703263 0.025 0.001)
(0.070485 0.025 0.001)
(0.0706438 0.025 0.001)
(0.0708025 0.025 0.001)
(0.0709613 0.025 0.001)
(0.07112 0.025 0.001)
(0.0712788 0.025 0.001)
(0.0714375 0.025 0.001)
(0.0715963 0.025 0.001)
(0.071755 0.025 0.001)
(0.0719137 0.025 0.001)
(0.0720725 0.025 0.001)
(0.0722312 0.025 0.001)
(0.07239 0.025 0.001)
(0.0725487 0.025 0.001)
(0.0727075 0.025 0.001)
(0.0728662 0.025 0.001)
(0.073025 0.025 0.001)
(0.0731838 0.025 0.001)
(0.0733425 0.025 0.001)
(0.0735013 0.025 0.001)
(0.07366 0.025 0.001)
(0.0738188 0.025 0.001)
(0.0739775 0.025 0.001)
(0.0741363 0.025 0.001)
(0.074295 0.025 0.001)
(0.0744537 0.025 0.001)
(0.0746125 0.025 0.001)
(0.0747712 0.025 0.001)
(0.07493 0.025 0.001)
(0.0750887 0.025 0.001)
(0.0752475 0.025 0.001)
(0.0754062 0.025 0.001)
(0.075565 0.025 0.001)
(0.0757238 0.025 0.001)
(0.0758825 0.025 0.001)
(0.0760413 0.025 0.001)
(0.0762 0.025 0.001)
(0.0763588 0.025 0.001)
(0.0765175 0.025 0.001)
(0.0766763 0.025 0.001)
(0.076835 0.025 0.001)
(0.0769937 0.025 0.001)
(0.0771525 0.025 0.001)
(0.0773112 0.025 0.001)
(0.07747 0.025 0.001)
(0.0776287 0.025 0.001)
(0.0777875 0.025 0.001)
(0.0779462 0.025 0.001)
(0.078105 0.025 0.001)
(0.0782638 0.025 0.001)
(0.0784225 0.025 0.001)
(0.0785813 0.025 0.001)
(0.07874 0.025 0.001)
(0.0788988 0.025 0.001)
(0.0790575 0.025 0.001)
(0.0792163 0.025 0.001)
(0.079375 0.025 0.001)
(0.0795338 0.025 0.001)
(0.0796925 0.025 0.001)
(0.0798512 0.025 0.001)
(0.08001 0.025 0.001)
(0.0801687 0.025 0.001)
(0.0803275 0.025 0.001)
(0.0804862 0.025 0.001)
(0.080645 0.025 0.001)
(0.0808037 0.025 0.001)
(0.0809625 0.025 0.001)
(0.0811213 0.025 0.001)
(0.08128 0.025 0.001)
(0.0814388 0.025 0.001)
(0.0815975 0.025 0.001)
(0.0817563 0.025 0.001)
(0.081915 0.025 0.001)
(0.0820738 0.025 0.001)
(0.0822325 0.025 0.001)
(0.0823912 0.025 0.001)
(0.08255 0.025 0.001)
(0.0827087 0.025 0.001)
(0.0828675 0.025 0.001)
(0.0830262 0.025 0.001)
(0.083185 0.025 0.001)
(0.0833437 0.025 0.001)
(0.0835025 0.025 0.001)
(0.0836613 0.025 0.001)
(0.08382 0.025 0.001)
(0.0839788 0.025 0.001)
(0.0841375 0.025 0.001)
(0.0842963 0.025 0.001)
(0.084455 0.025 0.001)
(0.0846138 0.025 0.001)
(0.0847725 0.025 0.001)
(0.0849312 0.025 0.001)
(0.08509 0.025 0.001)
(0.0852487 0.025 0.001)
(0.0854075 0.025 0.001)
(0.0855662 0.025 0.001)
(0.085725 0.025 0.001)
(0.0858837 0.025 0.001)
(0.0860425 0.025 0.001)
(0.0862012 0.025 0.001)
(0.08636 0.025 0.001)
(0.0865188 0.025 0.001)
(0.0866775 0.025 0.001)
(0.0868363 0.025 0.001)
(0.086995 0.025 0.001)
(0.0871538 0.025 0.001)
(0.0873125 0.025 0.001)
(0.0874713 0.025 0.001)
(0.08763 0.025 0.001)
(0.0877887 0.025 0.001)
(0.0879475 0.025 0.001)
(0.0881062 0.025 0.001)
(0.088265 0.025 0.001)
(0.0884237 0.025 0.001)
(0.0885825 0.025 0.001)
(0.0887412 0.025 0.001)
(0.0889 0.025 0.001)
(0.0890588 0.025 0.001)
(0.0892175 0.025 0.001)
(0.0893763 0.025 0.001)
(0.089535 0.025 0.001)
(0.0896938 0.025 0.001)
(0.0898525 0.025 0.001)
(0.0900113 0.025 0.001)
(0.09017 0.025 0.001)
(0.0903287 0.025 0.001)
(0.0904875 0.025 0.001)
(0.0906462 0.025 0.001)
(0.090805 0.025 0.001)
(0.0909637 0.025 0.001)
(0.0911225 0.025 0.001)
(0.0912812 0.025 0.001)
(0.09144 0.025 0.001)
(0.0915988 0.025 0.001)
(0.0917575 0.025 0.001)
(0.0919163 0.025 0.001)
(0.092075 0.025 0.001)
(0.0922338 0.025 0.001)
(0.0923925 0.025 0.001)
(0.0925513 0.025 0.001)
(0.09271 0.025 0.001)
(0.0928687 0.025 0.001)
(0.0930275 0.025 0.001)
(0.0931862 0.025 0.001)
(0.093345 0.025 0.001)
(0.0935037 0.025 0.001)
(0.0936625 0.025 0.001)
(0.0938212 0.025 0.001)
(0.09398 0.025 0.001)
(0.0941387 0.025 0.001)
(0.0942975 0.025 0.001)
(0.0944563 0.025 0.001)
(0.094615 0.025 0.001)
(0.0947738 0.025 0.001)
(0.0949325 0.025 0.001)
(0.0950913 0.025 0.001)
(0.09525 0.025 0.001)
(0.0954088 0.025 0.001)
(0.0955675 0.025 0.001)
(0.0957262 0.025 0.001)
(0.095885 0.025 0.001)
(0.0960437 0.025 0.001)
(0.0962025 0.025 0.001)
(0.0963612 0.025 0.001)
(0.09652 0.025 0.001)
(0.0966787 0.025 0.001)
(0.0968375 0.025 0.001)
(0.0969963 0.025 0.001)
(0.097155 0.025 0.001)
(0.0973138 0.025 0.001)
(0.0974725 0.025 0.001)
(0.0976313 0.025 0.001)
(0.09779 0.025 0.001)
(0.0979488 0.025 0.001)
(0.0981075 0.025 0.001)
(0.0982662 0.025 0.001)
(0.098425 0.025 0.001)
(0.0985837 0.025 0.001)
(0.0987425 0.025 0.001)
(0.0989012 0.025 0.001)
(0.09906 0.025 0.001)
(0.0992187 0.025 0.001)
(0.0993775 0.025 0.001)
(0.0995363 0.025 0.001)
(0.099695 0.025 0.001)
(0.0998538 0.025 0.001)
(0.100013 0.025 0.001)
(0.100171 0.025 0.001)
(0.10033 0.025 0.001)
(0.100489 0.025 0.001)
(0.100648 0.025 0.001)
(0.100806 0.025 0.001)
(0.100965 0.025 0.001)
(0.101124 0.025 0.001)
(0.101282 0.025 0.001)
(0.101441 0.025 0.001)
(0.1016 0.025 0.001)
(0.101759 0.025 0.001)
(0.101917 0.025 0.001)
(0.102076 0.025 0.001)
(0.102235 0.025 0.001)
(0.102394 0.025 0.001)
(0.102553 0.025 0.001)
(0.102711 0.025 0.001)
(0.10287 0.025 0.001)
(0.103029 0.025 0.001)
(0.103188 0.025 0.001)
(0.103346 0.025 0.001)
(0.103505 0.025 0.001)
(0.103664 0.025 0.001)
(0.103822 0.025 0.001)
(0.103981 0.025 0.001)
(0.10414 0.025 0.001)
(0.104299 0.025 0.001)
(0.104457 0.025 0.001)
(0.104616 0.025 0.001)
(0.104775 0.025 0.001)
(0.104934 0.025 0.001)
(0.105093 0.025 0.001)
(0.105251 0.025 0.001)
(0.10541 0.025 0.001)
(0.105569 0.025 0.001)
(0.105728 0.025 0.001)
(0.105886 0.025 0.001)
(0.106045 0.025 0.001)
(0.106204 0.025 0.001)
(0.106362 0.025 0.001)
(0.106521 0.025 0.001)
(0.10668 0.025 0.001)
(0.106839 0.025 0.001)
(0.106997 0.025 0.001)
(0.107156 0.025 0.001)
(0.107315 0.025 0.001)
(0.107474 0.025 0.001)
(0.107633 0.025 0.001)
(0.107791 0.025 0.001)
(0.10795 0.025 0.001)
(0.108109 0.025 0.001)
(0.108268 0.025 0.001)
(0.108426 0.025 0.001)
(0.108585 0.025 0.001)
(0.108744 0.025 0.001)
(0.108902 0.025 0.001)
(0.109061 0.025 0.001)
(0.10922 0.025 0.001)
(0.109379 0.025 0.001)
(0.109537 0.025 0.001)
(0.109696 0.025 0.001)
(0.109855 0.025 0.001)
(0.110014 0.025 0.001)
(0.110173 0.025 0.001)
(0.110331 0.025 0.001)
(0.11049 0.025 0.001)
(0.110649 0.025 0.001)
(0.110808 0.025 0.001)
(0.110966 0.025 0.001)
(0.111125 0.025 0.001)
(0.111284 0.025 0.001)
(0.111442 0.025 0.001)
(0.111601 0.025 0.001)
(0.11176 0.025 0.001)
(0.111919 0.025 0.001)
(0.112077 0.025 0.001)
(0.112236 0.025 0.001)
(0.112395 0.025 0.001)
(0.112554 0.025 0.001)
(0.112712 0.025 0.001)
(0.112871 0.025 0.001)
(0.11303 0.025 0.001)
(0.113189 0.025 0.001)
(0.113348 0.025 0.001)
(0.113506 0.025 0.001)
(0.113665 0.025 0.001)
(0.113824 0.025 0.001)
(0.113983 0.025 0.001)
(0.114141 0.025 0.001)
(0.1143 0.025 0.001)
(0.114459 0.025 0.001)
(0.114617 0.025 0.001)
(0.114776 0.025 0.001)
(0.114935 0.025 0.001)
(0.115094 0.025 0.001)
(0.115252 0.025 0.001)
(0.115411 0.025 0.001)
(0.11557 0.025 0.001)
(0.115729 0.025 0.001)
(0.115888 0.025 0.001)
(0.116046 0.025 0.001)
(0.116205 0.025 0.001)
(0.116364 0.025 0.001)
(0.116523 0.025 0.001)
(0.116681 0.025 0.001)
(0.11684 0.025 0.001)
(0.116999 0.025 0.001)
(0.117157 0.025 0.001)
(0.117316 0.025 0.001)
(0.117475 0.025 0.001)
(0.117634 0.025 0.001)
(0.117792 0.025 0.001)
(0.117951 0.025 0.001)
(0.11811 0.025 0.001)
(0.118269 0.025 0.001)
(0.118428 0.025 0.001)
(0.118586 0.025 0.001)
(0.118745 0.025 0.001)
(0.118904 0.025 0.001)
(0.119063 0.025 0.001)
(0.119221 0.025 0.001)
(0.11938 0.025 0.001)
(0.119539 0.025 0.001)
(0.119697 0.025 0.001)
(0.119856 0.025 0.001)
(0.120015 0.025 0.001)
(0.120174 0.025 0.001)
(0.120332 0.025 0.001)
(0.120491 0.025 0.001)
(0.12065 0.025 0.001)
(0.120809 0.025 0.001)
(0.120968 0.025 0.001)
(0.121126 0.025 0.001)
(0.121285 0.025 0.001)
(0.121444 0.025 0.001)
(0.121603 0.025 0.001)
(0.121761 0.025 0.001)
(0.12192 0.025 0.001)
(0.122079 0.025 0.001)
(0.122237 0.025 0.001)
(0.122396 0.025 0.001)
(0.122555 0.025 0.001)
(0.122714 0.025 0.001)
(0.122872 0.025 0.001)
(0.123031 0.025 0.001)
(0.12319 0.025 0.001)
(0.123349 0.025 0.001)
(0.123508 0.025 0.001)
(0.123666 0.025 0.001)
(0.123825 0.025 0.001)
(0.123984 0.025 0.001)
(0.124143 0.025 0.001)
(0.124301 0.025 0.001)
(0.12446 0.025 0.001)
(0.124619 0.025 0.001)
(0.124777 0.025 0.001)
(0.124936 0.025 0.001)
(0.125095 0.025 0.001)
(0.125254 0.025 0.001)
(0.125413 0.025 0.001)
(0.125571 0.025 0.001)
(0.12573 0.025 0.001)
(0.125889 0.025 0.001)
(0.126048 0.025 0.001)
(0.126206 0.025 0.001)
(0.126365 0.025 0.001)
(0.126524 0.025 0.001)
(0.126683 0.025 0.001)
(0.126841 0.025 0.001)
(0.127 0.025 0.001)
)


// ************************************************************************* //
