/*--------------------------------*- C++ -*----------------------------------*\
| =========                 |                                                 |
| \\      /  F ield         | OpenFOAM: The Open Source CFD Toolbox           |
|  \\    /   O peration     | Version:  v1706                                 |
|   \\  /    A nd           | Web:      www.OpenFOAM.com                      |
|    \\/     M anipulation  |                                                 |
\*---------------------------------------------------------------------------*/
FoamFile
{
    version     2.0;
    format      ascii;
    class       labelList;
    note        "nPoints:14736  nCells:11803  nFaces:42776  nInternalFaces:18699";
    location    "constant/polyMesh";
    object      neighbour;
}
// * * * * * * * * * * * * * * * * * * * * * * * * * * * * * * * * * * * * * //


18699
(
1
2
3
4
4
5
6
7
7
8
8
9
10
11
11
12
12
13
13
14
15
16
16
17
17
18
18
19
19
20
21
22
21
23
23
24
24
25
25
26
26
27
28
29
30
28
31
31
32
32
33
33
34
34
35
36
37
38
39
39
40
36
41
41
42
42
43
43
44
44
45
46
47
38
48
49
50
50
51
46
52
52
53
53
54
54
55
55
56
57
58
48
59
60
61
62
62
63
57
64
64
65
65
66
66
67
67
68
69
70
59
71
72
61
73
74
75
76
77
69
78
78
79
79
80
80
81
81
82
83
84
71
85
86
87
88
88
89
89
90
76
90
91
92
83
93
93
94
94
95
95
96
96
97
98
99
85
100
101
87
102
103
104
105
106
92
107
108
98
109
109
110
110
111
111
112
112
113
114
115
100
116
117
102
118
119
120
121
120
122
122
123
107
123
124
125
114
126
126
127
127
128
128
129
129
130
131
132
116
133
134
118
135
136
121
136
137
138
139
140
141
142
142
143
131
144
144
145
145
146
146
147
147
148
149
150
133
151
152
135
153
154
155
156
157
156
158
157
159
141
159
160
161
162
149
163
163
164
164
165
165
166
166
167
168
169
151
170
171
153
172
173
174
175
158
174
176
177
178
179
180
181
180
182
182
183
168
184
184
185
185
186
186
187
187
188
189
190
170
191
192
193
194
193
195
175
195
196
197
198
199
198
200
199
201
181
200
202
203
204
205
189
206
206
207
207
208
208
209
209
210
211
212
191
213
214
194
215
216
217
218
201
219
219
220
221
222
223
224
225
226
225
227
226
228
228
229
211
230
230
231
231
232
232
233
233
234
235
236
213
237
238
215
239
240
217
241
242
220
241
243
244
245
246
245
247
227
246
247
248
249
250
251
252
253
235
254
254
255
255
256
256
257
257
258
259
260
237
261
262
239
263
264
242
265
266
267
248
268
268
269
270
271
272
273
274
275
275
276
274
277
276
278
278
279
259
280
280
281
281
282
282
283
283
284
285
286
261
287
288
263
289
290
265
291
292
269
293
293
294
295
296
297
298
277
298
297
299
299
300
301
302
303
304
305
306
285
307
307
308
308
309
309
310
310
311
312
313
287
314
315
289
316
317
318
319
318
320
294
320
321
322
300
323
323
324
325
326
327
328
329
330
330
331
331
332
329
333
306
332
334
312
335
335
336
336
337
337
338
338
339
340
341
314
342
343
316
344
345
319
346
347
348
349
324
350
350
351
352
353
354
355
333
355
354
356
356
357
358
359
360
361
362
363
340
364
364
365
365
366
366
367
367
368
369
370
342
371
372
373
374
373
375
346
375
376
377
378
378
379
351
377
380
381
357
382
382
383
384
385
386
387
388
389
388
390
390
391
391
392
389
393
392
394
369
395
395
396
396
397
397
398
398
399
400
401
371
402
403
374
403
404
405
406
379
407
408
409
410
383
411
411
412
413
414
415
416
393
415
416
417
417
418
419
420
421
422
423
424
425
400
426
426
427
427
428
428
429
429
430
431
432
402
433
434
435
436
437
437
438
407
436
439
412
440
440
441
441
442
443
444
418
445
445
446
447
448
449
450
451
452
453
454
452
455
455
456
456
457
454
458
457
459
431
460
460
461
461
462
462
463
463
464
465
466
433
467
468
435
469
438
470
471
472
442
473
474
475
476
446
477
477
478
479
480
458
481
481
482
482
483
483
484
453
485
486
487
488
489
490
491
492
493
465
494
494
495
495
496
496
497
497
498
499
500
467
501
502
469
503
504
473
505
505
506
506
507
508
478
509
509
510
510
511
512
513
484
514
514
515
516
517
518
519
520
521
520
522
521
523
492
523
522
524
524
525
525
526
527
526
528
499
529
529
530
530
531
531
532
532
533
534
535
501
536
537
538
539
539
540
507
541
542
543
544
511
545
546
547
548
515
549
549
550
551
552
553
554
553
555
555
556
556
557
558
559
560
561
562
563
564
554
565
566
534
567
567
568
568
569
569
570
570
571
572
573
536
574
575
538
576
577
578
541
579
580
545
581
581
582
580
582
583
550
584
584
585
585
586
587
588
557
589
589
590
591
592
593
594
595
596
597
596
598
597
599
565
600
563
599
601
601
602
603
602
604
572
605
605
606
606
607
607
608
608
609
610
611
574
612
613
576
614
615
578
616
579
617
618
619
620
586
621
622
623
624
590
625
625
626
627
628
629
630
603
629
630
631
631
632
632
633
634
635
600
636
637
638
639
640
641
642
610
643
643
644
644
645
645
646
646
647
648
649
612
650
651
614
652
653
653
654
654
655
655
656
656
657
621
658
657
658
659
626
660
660
661
661
662
663
664
633
665
665
666
667
668
669
670
671
672
673
673
674
672
675
674
676
641
677
676
678
678
679
680
679
681
648
682
682
683
683
684
684
685
685
686
687
688
650
689
690
652
691
692
693
694
695
696
697
698
662
699
700
701
702
666
703
703
704
705
706
707
708
708
709
709
710
710
711
711
712
713
714
715
677
716
717
718
719
720
707
718
721
687
722
722
723
723
724
724
725
725
726
727
728
689
729
730
691
731
732
733
734
733
735
735
736
736
737
737
738
738
739
699
739
740
704
741
741
742
742
743
744
745
712
746
746
747
748
749
750
751
752
753
754
755
754
756
756
757
755
758
757
759
760
759
761
762
763
763
764
727
765
765
766
766
767
767
768
768
769
770
771
729
772
773
731
774
775
734
776
777
778
779
780
781
782
783
743
784
785
786
787
747
788
788
789
790
791
749
792
793
793
794
794
795
795
796
796
797
798
799
800
801
760
802
803
804
762
805
806
807
808
770
809
809
810
810
811
811
812
812
813
814
815
772
816
817
774
818
819
776
820
821
822
823
821
823
822
824
824
825
825
826
826
827
784
827
828
789
829
829
830
830
831
832
833
797
834
834
835
804
836
837
838
839
840
841
842
843
842
844
843
845
845
846
844
847
805
846
848
849
807
850
851
851
852
814
853
853
854
854
855
855
856
856
857
858
859
816
860
861
818
862
863
864
865
864
866
867
868
869
870
871
872
873
831
874
875
876
877
835
878
878
879
880
881
837
882
883
883
884
884
885
885
886
886
887
888
889
890
891
892
848
893
894
850
895
896
897
898
858
899
899
900
900
901
901
902
902
903
904
905
860
906
907
907
908
908
909
865
909
910
911
867
912
913
914
915
913
915
914
916
916
917
917
918
874
918
919
879
920
920
921
921
922
923
924
887
925
925
926
894
927
928
929
930
931
932
933
934
934
935
933
936
935
937
895
937
936
938
939
940
941
942
942
943
943
944
904
945
945
946
946
947
947
948
948
949
950
951
906
952
953
954
955
956
957
958
957
959
958
960
961
962
963
964
965
966
922
967
968
969
970
926
971
971
972
973
974
975
976
975
977
977
978
978
979
979
980
980
981
982
983
984
985
986
939
987
976
941
988
989
990
991
992
950
993
993
994
994
995
995
996
996
997
998
999
952
1000
1001
1002
1003
1003
1004
1004
1005
959
1005
1006
1007
1008
961
1009
1010
1011
1012
1010
1012
1011
1013
1013
1014
967
1014
1015
972
1016
1016
1017
1017
1018
1019
1020
981
1021
1021
1022
1023
1024
1025
1026
1027
1028
1029
1030
1031
1030
1032
1032
1033
1031
1034
988
1033
1034
1035
1036
1037
1038
1037
1039
1039
1040
1040
1041
998
1042
1042
1043
1043
1044
1044
1045
1045
1046
1047
1048
1000
1049
1050
1002
1051
1052
1053
1054
1055
1056
1057
1056
1058
1057
1059
1058
1060
1061
1062
1063
1064
1065
1018
1066
1067
1068
1069
1022
1070
1070
1071
1072
1073
1025
1074
1035
1075
1076
1076
1077
1077
1078
1078
1079
1079
1080
1081
1082
1083
1084
1085
1086
1038
1087
1088
1089
1090
1091
1092
1047
1093
1093
1094
1094
1095
1095
1096
1096
1097
1098
1099
1049
1100
1101
1051
1102
1103
1053
1104
1105
1105
1106
1059
1106
1107
1108
1109
1110
1061
1111
1112
1113
1114
1112
1113
1114
1115
1066
1115
1116
1071
1117
1117
1118
1118
1119
1120
1121
1080
1122
1122
1123
1075
1124
1125
1126
1127
1128
1129
1130
1131
1132
1131
1133
1132
1134
1087
1134
1133
1135
1135
1136
1137
1138
1139
1138
1140
1139
1141
1141
1142
1142
1143
1098
1144
1144
1145
1145
1146
1146
1147
1147
1148
1149
1150
1100
1151
1152
1152
1153
1153
1154
1154
1155
1155
1156
1157
1158
1159
1160
1160
1161
1159
1162
1161
1163
1162
1164
1165
1166
1167
1168
1119
1169
1170
1171
1172
1123
1173
1173
1174
1175
1176
1126
1177
1136
1177
1178
1178
1179
1179
1180
1180
1181
1181
1182
1183
1184
1185
1186
1187
1188
1140
1189
1190
1191
1192
1193
1194
1195
1149
1196
1196
1197
1197
1198
1198
1199
1199
1200
1201
1202
1151
1203
1204
1205
1206
1207
1208
1157
1209
1210
1163
1210
1211
1212
1213
1214
1215
1165
1216
1217
1217
1218
1218
1219
1169
1219
1220
1174
1221
1221
1222
1222
1223
1224
1225
1182
1226
1226
1227
1228
1229
1230
1231
1232
1233
1234
1235
1234
1236
1235
1237
1189
1236
1237
1238
1238
1239
1240
1241
1242
1241
1243
1242
1244
1243
1245
1245
1246
1246
1247
1201
1248
1248
1249
1249
1250
1250
1251
1251
1252
1253
1254
1203
1255
1256
1257
1258
1257
1259
1259
1260
1260
1261
1261
1262
1262
1263
1264
1265
1266
1266
1267
1267
1268
1265
1269
1268
1270
1269
1271
1272
1273
1274
1223
1275
1276
1277
1278
1227
1279
1279
1280
1281
1282
1283
1284
1284
1285
1285
1286
1286
1287
1287
1288
1288
1289
1290
1291
1292
1293
1294
1283
1295
1244
1296
1297
1298
1299
1300
1301
1302
1303
1253
1304
1304
1305
1305
1306
1306
1307
1307
1308
1309
1310
1255
1311
1312
1258
1313
1314
1315
1316
1317
1318
1319
1264
1320
1270
1321
1322
1323
1324
1325
1326
1272
1327
1328
1328
1329
1275
1329
1330
1280
1331
1331
1332
1332
1333
1334
1335
1289
1336
1336
1337
1338
1339
1340
1341
1342
1343
1344
1345
1346
1345
1347
1296
1346
1347
1348
1348
1349
1349
1350
1351
1352
1353
1352
1354
1301
1353
1354
1355
1356
1356
1357
1357
1358
1309
1359
1359
1360
1360
1361
1361
1362
1362
1363
1364
1365
1311
1366
1367
1367
1368
1368
1369
1370
1371
1369
1370
1371
1372
1372
1373
1373
1374
1374
1375
1375
1376
1377
1378
1378
1379
1379
1380
1380
1381
1377
1382
1376
1381
1382
1383
1384
1385
1333
1386
1387
1388
1389
1337
1390
1390
1391
1392
1393
1339
1394
1395
1395
1396
1396
1397
1397
1398
1398
1399
1399
1400
1401
1402
1403
1404
1405
1394
1406
1355
1407
1408
1409
1410
1411
1412
1413
1414
1364
1415
1415
1416
1416
1417
1417
1418
1418
1419
1420
1421
1366
1422
1423
1424
1425
1426
1427
1428
1429
1430
1431
1432
1433
1434
1435
1436
1437
1438
1439
1384
1440
1441
1386
1441
1442
1391
1443
1443
1444
1444
1445
1446
1447
1400
1448
1448
1449
1450
1451
1452
1453
1454
1455
1456
1457
1458
1407
1457
1458
1459
1459
1460
1406
1461
1462
1463
1464
1465
1465
1466
1464
1467
1467
1468
1466
1469
1469
1470
1470
1471
1420
1472
1472
1473
1473
1474
1474
1475
1475
1476
1477
1478
1422
1479
1480
1481
1482
1481
1483
1483
1484
1484
1485
1485
1486
1486
1487
1487
1488
1488
1489
1489
1490
1490
1491
1491
1492
1493
1494
1493
1495
1495
1496
1496
1497
1492
1497
1494
1498
1498
1499
1500
1445
1501
1502
1503
1504
1449
1505
1505
1506
1507
1508
1451
1509
1510
1510
1511
1511
1512
1512
1513
1513
1514
1514
1515
1516
1517
1518
1461
1519
1520
1520
1521
1468
1522
1523
1524
1525
1526
1527
1528
1529
1530
1477
1531
1531
1532
1532
1533
1533
1534
1534
1535
1536
1537
1479
1538
1539
1482
1540
1541
1542
1543
1544
1545
1546
1547
1548
1549
1550
1551
1552
1553
1554
1555
1556
1557
1558
1500
1559
1501
1560
1506
1561
1561
1562
1562
1563
1564
1565
1515
1566
1566
1567
1521
1568
1569
1570
1571
1572
1573
1574
1522
1575
1575
1576
1576
1577
1577
1578
1579
1580
1581
1582
1583
1583
1584
1584
1585
1582
1586
1586
1587
1585
1588
1588
1589
1589
1590
1536
1591
1591
1592
1592
1593
1593
1594
1594
1595
1596
1597
1538
1598
1599
1540
1600
1601
1542
1602
1603
1602
1604
1604
1605
1605
1606
1606
1607
1607
1608
1608
1609
1609
1610
1610
1611
1611
1612
1612
1613
1614
1615
1615
1616
1614
1617
1617
1618
1613
1618
1616
1619
1619
1620
1563
1620
1621
1622
1623
1567
1624
1624
1625
1626
1627
1569
1628
1629
1629
1630
1630
1631
1631
1632
1632
1633
1633
1634
1635
1636
1637
1579
1638
1639
1639
1640
1587
1641
1642
1643
1644
1645
1646
1647
1648
1649
1650
1596
1651
1651
1652
1652
1653
1653
1654
1654
1655
1656
1657
1598
1658
1659
1660
1661
1660
1662
1662
1663
1664
1663
1665
1666
1667
1668
1669
1670
1671
1672
1673
1674
1675
1676
1677
1678
1679
1680
1681
1682
1625
1683
1683
1684
1684
1685
1686
1687
1634
1688
1688
1689
1640
1690
1691
1692
1693
1694
1695
1696
1641
1697
1697
1698
1698
1699
1699
1700
1701
1702
1703
1704
1705
1704
1706
1706
1707
1707
1708
1705
1709
1709
1710
1649
1708
1711
1712
1713
1656
1714
1714
1715
1715
1716
1716
1717
1717
1718
1719
1720
1658
1721
1722
1661
1723
1724
1725
1726
1727
1665
1728
1729
1728
1730
1730
1731
1731
1732
1732
1733
1733
1734
1734
1735
1735
1736
1736
1737
1675
1738
1739
1740
1741
1740
1742
1742
1743
1741
1744
1744
1745
1743
1746
1685
1746
1747
1748
1749
1689
1750
1750
1751
1752
1753
1691
1754
1755
1755
1756
1756
1757
1757
1758
1758
1759
1759
1760
1761
1762
1763
1701
1764
1765
1765
1766
1710
1767
1768
1769
1770
1771
1772
1773
1774
1712
1775
1776
1777
1719
1778
1778
1779
1779
1780
1780
1781
1781
1782
1783
1784
1721
1785
1786
1723
1787
1788
1789
1790
1788
1789
1790
1791
1791
1792
1793
1792
1794
1795
1796
1797
1798
1799
1800
1801
1738
1802
1803
1745
1804
1805
1806
1807
1808
1809
1810
1811
1751
1812
1812
1813
1813
1814
1815
1816
1760
1817
1817
1818
1766
1819
1820
1821
1822
1823
1824
1825
1767
1826
1826
1827
1827
1828
1828
1829
1830
1831
1832
1833
1834
1833
1835
1834
1836
1836
1837
1775
1837
1835
1838
1838
1839
1840
1841
1842
1842
1843
1783
1844
1844
1845
1845
1846
1846
1847
1847
1848
1849
1850
1785
1851
1852
1787
1853
1854
1855
1856
1857
1858
1859
1794
1860
1861
1860
1862
1862
1863
1863
1864
1864
1865
1865
1866
1866
1867
1867
1868
1868
1869
1869
1870
1870
1871
1872
1873
1873
1874
1872
1875
1875
1876
1874
1877
1871
1877
1814
1876
1878
1879
1880
1818
1881
1881
1882
1883
1884
1820
1885
1886
1886
1887
1887
1888
1888
1889
1889
1890
1890
1891
1892
1893
1894
1830
1895
1896
1896
1897
1839
1898
1899
1900
1901
1902
1903
1904
1905
1841
1906
1907
1908
1908
1909
1849
1910
1910
1911
1911
1912
1912
1913
1913
1914
1915
1916
1851
1917
1918
1919
1920
1919
1921
1921
1922
1922
1923
1923
1924
1924
1925
1925
1926
1926
1927
1928
1927
1929
1930
1931
1932
1933
1934
1935
1936
1937
1938
1939
1940
1941
1942
1943
1944
1945
1882
1946
1946
1947
1947
1948
1949
1950
1891
1951
1951
1952
1897
1953
1954
1955
1956
1957
1958
1959
1898
1960
1960
1961
1961
1962
1962
1963
1964
1965
1966
1967
1968
1967
1969
1968
1970
1969
1971
1906
1971
1970
1972
1972
1973
1974
1975
1976
1976
1977
1915
1978
1978
1979
1979
1980
1980
1981
1981
1982
1983
1984
1917
1985
1986
1920
1987
1988
1989
1990
1991
1992
1993
1994
1995
1996
1929
1997
1998
1997
1999
1999
2000
2000
2001
2001
2002
2002
2003
2003
2004
2004
2005
2005
2006
2006
2007
2007
2008
2009
2010
2010
2011
2011
2012
2009
2013
1948
2013
2008
2012
2014
2015
2016
1952
2017
2017
2018
2019
2020
1954
2021
2022
2022
2023
2023
2024
2024
2025
2025
2026
2026
2027
2028
2029
2030
1964
2031
2032
2032
2033
1973
2034
2035
2036
2037
2038
2039
2040
2041
2039
2042
2042
2043
2044
2044
2045
1983
2046
2046
2047
2047
2048
2048
2049
2049
2050
2051
2052
1985
2053
2054
1987
2055
2056
2057
2058
2056
2057
2058
2059
2059
2060
2060
2061
2061
2062
2062
2063
2063
2064
2064
2065
2066
2065
2067
2068
2069
2070
2071
2072
2073
2074
2075
2076
2077
2078
2079
2080
2081
2082
2018
2083
2083
2084
2084
2085
2086
2087
2027
2088
2088
2089
2033
2090
2091
2092
2093
2094
2095
2096
2034
2097
2097
2098
2098
2099
2099
2100
2101
2102
2103
2104
2105
2105
2106
2104
2107
2106
2108
2109
2108
2110
2110
2111
2112
2044
2113
2114
2115
2115
2116
2051
2117
2117
2118
2118
2119
2119
2120
2120
2121
2122
2123
2053
2124
2125
2055
2126
2127
2128
2129
2130
2131
2132
2133
2134
2135
2136
2137
2067
2138
2139
2138
2140
2140
2141
2141
2142
2142
2143
2143
2144
2144
2145
2145
2146
2146
2147
2147
2148
2148
2149
2150
2151
2151
2152
2152
2153
2149
2153
2085
2150
2154
2155
2156
2089
2157
2157
2158
2159
2160
2091
2161
2162
2162
2163
2163
2164
2164
2165
2165
2166
2166
2167
2168
2169
2170
2101
2171
2172
2172
2173
2111
2174
2175
2176
2177
2109
2178
2179
2180
2181
2182
2114
2180
2115
2183
2184
2184
2185
2186
2186
2187
2122
2188
2188
2189
2189
2190
2190
2191
2191
2192
2193
2194
2124
2195
2196
2126
2197
2198
2199
2200
2199
2201
2201
2202
2202
2203
2203
2204
2204
2205
2205
2206
2206
2207
2207
2208
2208
2209
2209
2210
2211
2210
2212
2213
2214
2215
2216
2217
2218
2219
2220
2221
2222
2223
2224
2225
2226
2158
2227
2227
2228
2228
2229
2230
2231
2167
2232
2232
2233
2173
2234
2235
2236
2237
2238
2239
2240
2174
2241
2241
2242
2242
2243
2243
2244
2245
2246
2247
2176
2248
2249
2249
2250
2251
2252
2181
2253
2252
2254
2255
2256
2186
2257
2258
2258
2259
2252
2259
2260
2261
2261
2262
2193
2263
2263
2264
2264
2265
2265
2266
2266
2267
2268
2269
2195
2270
2271
2197
2272
2273
2200
2274
2275
2276
2277
2278
2279
2280
2281
2282
2283
2284
2285
2286
2212
2287
2288
2287
2289
2289
2290
2290
2291
2291
2292
2292
2293
2293
2294
2294
2295
2295
2296
2296
2297
2297
2298
2229
2299
2299
2300
2300
2301
2298
2301
2302
2303
2304
2233
2305
2305
2306
2307
2308
2235
2309
2310
2310
2311
2311
2312
2312
2313
2313
2314
2314
2315
2316
2317
2318
2245
2319
2320
2320
2321
2255
2322
2251
2323
2324
2253
2325
2260
2326
2256
2327
2328
2329
2261
2330
2331
2331
2332
2332
2333
2333
2334
2335
2335
2336
2268
2337
2337
2338
2338
2339
2339
2340
2340
2341
2342
2343
2270
2344
2345
2272
2346
2347
2274
2348
2349
2350
2351
2349
2350
2351
2352
2352
2353
2353
2354
2354
2355
2355
2356
2356
2357
2357
2358
2358
2359
2359
2360
2360
2361
2362
2361
2363
2364
2365
2366
2367
2368
2369
2370
2371
2372
2373
2374
2375
2376
2306
2377
2377
2378
2378
2379
2380
2381
2315
2382
2382
2383
2321
2384
2385
2386
2387
2388
2389
2390
2322
2391
2391
2392
2392
2393
2393
2394
2395
2396
2397
2324
2334
2398
2398
2399
2327
2400
2401
2402
2403
2401
2402
2335
2404
2405
2405
2406
2406
2407
2407
2408
2408
2409
2410
2410
2342
2411
2411
2412
2412
2413
2413
2414
2414
2415
2416
2417
2344
2418
2419
2346
2420
2421
2348
2422
2423
2424
2425
2426
2427
2428
2429
2430
2431
2432
2433
2434
2435
2436
2363
2437
2438
2437
2439
2439
2440
2440
2441
2441
2442
2442
2443
2443
2444
2444
2445
2445
2446
2446
2447
2447
2448
2379
2449
2449
2450
2448
2450
2451
2452
2453
2383
2454
2454
2455
2456
2457
2385
2458
2459
2459
2460
2460
2461
2461
2462
2462
2463
2463
2464
2465
2466
2467
2395
2468
2469
2469
2470
2403
2471
2409
2400
2472
2473
2474
2475
2476
2410
2477
2477
2478
2478
2479
2479
2480
2480
2481
2472
2481
2416
2482
2482
2483
2483
2484
2484
2485
2485
2486
2487
2488
2418
2489
2490
2491
2492
2491
2493
2493
2494
2494
2495
2495
2496
2496
2497
2497
2498
2498
2499
2499
2500
2500
2501
2501
2502
2502
2503
2503
2504
2504
2505
2505
2506
2506
2507
2507
2508
2508
2509
2510
2509
2511
2512
2513
2514
2515
2516
2517
2518
2519
2520
2521
2522
2523
2455
2524
2524
2525
2525
2526
2527
2528
2464
2529
2529
2530
2470
2531
2532
2533
2534
2535
2536
2537
2471
2538
2538
2539
2539
2540
2540
2541
2542
2543
2544
2545
2546
2474
2546
2547
2547
2548
2544
2549
2550
2550
2551
2551
2552
2552
2553
2545
2553
2487
2554
2554
2555
2555
2556
2556
2557
2557
2558
2559
2560
2489
2561
2562
2492
2563
2564
2565
2566
2567
2568
2569
2570
2571
2572
2573
2574
2575
2576
2577
2578
2579
2580
2581
2582
2511
2583
2584
2583
2585
2585
2586
2586
2587
2587
2588
2588
2589
2589
2590
2590
2591
2591
2592
2592
2593
2593
2594
2526
2595
2594
2595
2596
2597
2598
2530
2599
2599
2600
2601
2602
2532
2603
2604
2604
2605
2605
2606
2606
2607
2607
2608
2608
2609
2610
2611
2612
2542
2613
2614
2614
2615
2616
2617
2618
2618
2619
2619
2549
2620
2621
2622
2622
2623
2623
2624
2617
2624
2559
2625
2625
2626
2626
2627
2627
2628
2628
2629
2630
2631
2561
2632
2633
2563
2634
2635
2636
2637
2635
2637
2636
2638
2638
2639
2639
2640
2640
2641
2641
2642
2642
2643
2643
2644
2644
2645
2645
2646
2646
2647
2647
2648
2648
2649
2649
2650
2650
2651
2651
2652
2652
2653
2653
2654
2655
2654
2656
2657
2658
2659
2660
2661
2662
2663
2664
2665
2666
2667
2600
2668
2668
2669
2669
2670
2671
2672
2609
2673
2673
2674
2615
2675
2676
2677
2678
2679
2680
2681
2616
2682
2683
2684
2684
2685
2685
2686
2687
2688
2689
2690
2691
2691
2692
2620
2692
2693
2694
2689
2694
2695
2695
2696
2690
2696
2630
2697
2697
2698
2698
2699
2699
2700
2700
2701
2702
2703
2632
2704
2705
2634
2706
2707
2708
2709
2710
2711
2712
2713
2714
2715
2716
2717
2718
2719
2720
2721
2722
2723
2724
2725
2726
2727
2656
2728
2729
2728
2730
2730
2731
2731
2732
2732
2733
2733
2734
2734
2735
2735
2736
2736
2737
2737
2738
2738
2739
2670
2739
2740
2741
2742
2674
2743
2743
2744
2745
2746
2676
2747
2748
2748
2749
2749
2750
2750
2751
2751
2752
2752
2753
2683
2754
2755
2756
2757
2687
2758
2759
2759
2760
2761
2762
2763
2763
2764
2693
2764
2765
2766
2766
2767
2768
2762
2768
2702
2769
2769
2770
2770
2771
2771
2772
2772
2773
2774
2775
2704
2776
2777
2706
2778
2779
2780
2781
2780
2782
2783
2784
2782
2783
2784
2785
2785
2786
2786
2787
2787
2788
2788
2789
2789
2790
2790
2791
2791
2792
2792
2793
2793
2794
2795
2796
2797
2798
2798
2799
2799
2800
2800
2801
2801
2802
2802
2803
2804
2803
2805
2806
2807
2808
2809
2810
2811
2812
2813
2814
2815
2744
2816
2816
2817
2817
2818
2819
2820
2753
2821
2821
2822
2760
2823
2824
2825
2826
2827
2828
2829
2761
2830
2756
2831
2832
2832
2833
2833
2834
2835
2836
2767
2837
2838
2838
2839
2765
2839
2840
2841
2841
2842
2842
2843
2837
2774
2844
2844
2845
2845
2846
2846
2847
2847
2848
2849
2850
2776
2851
2852
2853
2854
2854
2855
2781
2855
2856
2857
2858
2859
2860
2861
2862
2863
2864
2865
2866
2867
2868
2869
2795
2870
2871
2797
2872
2873
2874
2875
2876
2877
2878
2879
2805
2880
2881
2880
2882
2882
2883
2883
2884
2884
2885
2885
2886
2886
2887
2887
2888
2888
2889
2889
2890
2818
2890
2891
2892
2893
2822
2894
2894
2895
2896
2897
2824
2898
2899
2899
2900
2900
2901
2901
2902
2902
2903
2903
2904
2831
2843
2905
2906
2907
2835
2908
2909
2909
2910
2911
2911
2912
2840
2912
2913
2914
2914
2915
2915
2916
2916
2917
2849
2918
2918
2919
2919
2920
2920
2921
2921
2922
2923
2924
2851
2925
2926
2853
2927
2928
2929
2930
2931
2932
2932
2933
2931
2934
2934
2935
2935
2936
2936
2937
2937
2938
2938
2939
2939
2940
2940
2941
2941
2942
2942
2943
2943
2944
2944
2945
2945
2946
2872
2946
2947
2947
2948
2948
2949
2949
2950
2950
2951
2951
2952
2952
2953
2953
2954
2955
2954
2956
2957
2958
2959
2960
2961
2962
2963
2964
2965
2895
2966
2966
2967
2967
2968
2969
2970
2904
2971
2971
2972
2973
2974
2975
2976
2977
2978
2979
2980
2906
2917
2981
2982
2983
2982
2984
2985
2973
2986
2987
2913
2987
2988
2989
2989
2990
2990
2991
2991
2992
2992
2993
2923
2994
2994
2995
2995
2996
2996
2997
2997
2998
2999
3000
2925
3001
3002
2927
3003
3004
3005
3006
3006
3007
2933
3007
3008
3009
3010
3011
3012
3013
3014
3015
3016
3017
3018
3019
3020
3021
3022
3023
3024
3025
3026
3027
3028
3029
3030
3031
2956
3032
3033
3032
3034
3034
3035
3035
3036
3036
3037
3037
3038
3038
3039
3039
3040
3040
3041
2968
3041
3042
3043
3044
2972
3045
3045
3046
3047
3048
3049
2975
3050
3051
3051
3052
3052
3053
3053
3054
3054
3055
3055
3056
2983
2993
3057
3058
2985
3059
2986
3060
2988
3061
3061
3062
3062
3063
3063
3064
3064
3065
3065
3066
2999
3067
3067
3068
3068
3069
3069
3070
3070
3071
3072
3073
3001
3074
3075
3003
3076
3077
3005
3078
3079
3080
3081
3082
3083
3083
3084
3084
3085
3082
3086
3086
3087
3087
3088
3088
3089
3089
3090
3090
3091
3091
3092
3092
3093
3093
3094
3094
3095
3095
3096
3096
3097
3097
3098
3098
3099
3099
3100
3100
3101
3101
3102
3102
3103
3103
3104
3104
3105
3105
3106
3107
3106
3108
3109
3110
3111
3112
3113
3114
3115
3116
3046
3117
3117
3118
3118
3119
3120
3121
3056
3122
3122
3123
3050
3124
3125
3126
3127
3128
3129
3130
3131
3058
3132
3066
3132
3133
3124
3134
3135
3135
3136
3136
3137
3137
3138
3138
3139
3139
3140
3072
3141
3141
3142
3142
3143
3143
3144
3144
3145
3146
3147
3074
3148
3149
3076
3150
3151
3078
3152
3153
3080
3154
3155
3085
3155
3156
3157
3158
3159
3160
3161
3162
3163
3164
3165
3166
3167
3168
3169
3170
3171
3172
3173
3174
3175
3176
3177
3178
3179
3180
3108
3181
3182
3181
3183
3183
3184
3184
3185
3185
3186
3186
3187
3187
3188
3188
3189
3119
3189
3190
3191
3192
3123
3193
3193
3194
3195
3196
3197
3126
3198
3199
3200
3201
3200
3202
3202
3203
3203
3204
3204
3205
3140
3134
3206
3207
3208
3208
3209
3209
3210
3210
3211
3211
3212
3206
3212
3146
3213
3213
3214
3214
3215
3215
3216
3216
3217
3218
3219
3148
3220
3221
3150
3222
3223
3152
3224
3225
3226
3227
3226
3228
3229
3230
3231
3231
3232
3232
3233
3233
3234
3230
3235
3235
3236
3236
3237
3237
3238
3238
3239
3239
3240
3240
3241
3241
3242
3242
3243
3243
3244
3244
3245
3245
3246
3246
3247
3247
3248
3248
3249
3249
3250
3250
3251
3251
3252
3252
3253
3253
3254
3254
3255
3256
3255
3257
3258
3259
3260
3261
3262
3263
3264
3194
3265
3265
3266
3266
3267
3268
3269
3205
3270
3270
3271
3198
3272
3273
3201
3274
3275
3276
3277
3278
3279
3280
3281
3282
3272
3282
3283
3283
3284
3284
3285
3285
3286
3281
3286
3218
3287
3287
3288
3288
3289
3289
3290
3290
3291
3292
3293
3220
3294
3295
3296
3297
3296
3298
3298
3299
3299
3300
3227
3301
3302
3303
3229
3304
3234
3305
3306
3307
3308
3309
3310
3311
3312
3313
3314
3315
3316
3317
3318
3319
3320
3321
3322
3323
3324
3325
3326
3327
3328
3329
3330
3257
3331
3332
3331
3333
3333
3334
3334
3335
3335
3336
3336
3337
3337
3338
3267
3338
3339
3340
3341
3271
3342
3342
3343
3344
3345
3346
3274
3347
3348
3276
3349
3350
3349
3351
3351
3352
3352
3353
3353
3354
3355
3356
3356
3357
3358
3358
3359
3359
3360
3355
3360
3292
3361
3361
3362
3362
3363
3363
3364
3364
3365
3366
3367
3294
3368
3369
3297
3370
3371
3372
3373
3374
3301
3375
3376
3377
3378
3376
3378
3377
3379
3380
3381
3381
3382
3382
3383
3383
3384
3379
3384
3380
3385
3385
3386
3386
3387
3387
3388
3388
3389
3389
3390
3390
3391
3391
3392
3392
3393
3393
3394
3394
3395
3395
3396
3396
3397
3397
3398
3398
3399
3399
3400
3400
3401
3401
3402
3402
3403
3403
3404
3404
3405
3406
3405
3407
3408
3409
3410
3411
3412
3413
3343
3414
3414
3415
3415
3416
3417
3418
3354
3419
3419
3420
3347
3357
3421
3350
3422
3423
3424
3425
3426
3427
3428
3429
3430
3430
3431
3431
3432
3433
3433
3434
3429
3434
3366
3435
3435
3436
3436
3437
3437
3438
3438
3439
3440
3441
3368
3442
3443
3370
3444
3445
3446
3447
3445
3447
3446
3448
3375
3448
3449
3450
3451
3452
3453
3454
3455
3456
3457
3458
3459
3460
3461
3462
3463
3464
3465
3466
3467
3468
3469
3470
3471
3472
3473
3474
3475
3476
3477
3478
3479
3407
3480
3481
3480
3482
3482
3483
3483
3484
3484
3485
3485
3486
3416
3486
3487
3488
3489
3420
3490
3490
3491
3492
3493
3422
3432
3494
3424
3495
3496
3495
3497
3497
3498
3498
3499
3499
3500
3501
3502
3502
3503
3503
3504
3504
3505
3506
3501
3506
3440
3507
3507
3508
3508
3509
3509
3510
3510
3511
3512
3513
3514
3515
3514
3516
3516
3517
3517
3518
3519
3520
3521
3522
3523
3524
3523
3525
3526
3527
3525
3527
3526
3528
3529
3530
3529
3531
3531
3532
3532
3533
3528
3533
3530
3534
3535
3536
3536
3537
3538
3539
3539
3540
3540
3541
3541
3542
3542
3543
3543
3544
3544
3545
3545
3546
3546
3547
3547
3548
3548
3549
3549
3550
3550
3551
3551
3552
3552
3553
3553
3554
3554
3555
3555
3556
3557
3556
3558
3559
3560
3561
3562
3563
3491
3564
3564
3565
3565
3566
3567
3568
3500
3569
3569
3570
3496
3505
3571
3572
3573
3574
3575
3576
3577
3578
3578
3579
3579
3580
3580
3581
3581
3582
3577
3512
3583
3583
3584
3584
3585
3585
3586
3586
3587
3588
3589
3515
3590
3591
3592
3593
3594
3595
3596
3595
3597
3598
3599
3597
3598
3524
3599
3600
3601
3602
3603
3604
3605
3606
3607
3608
3609
3610
3535
3611
3612
3613
3538
3614
3615
3616
3617
3618
3619
3620
3621
3622
3623
3624
3625
3626
3627
3628
3629
3630
3631
3632
3633
3558
3634
3635
3634
3636
3636
3637
3637
3638
3638
3639
3566
3639
3640
3641
3642
3570
3643
3643
3644
3645
3646
3647
3648
3582
3648
3647
3649
3649
3650
3650
3651
3651
3652
3653
3653
3654
3654
3655
3655
3656
3656
3657
3657
3658
3588
3659
3659
3660
3660
3661
3661
3662
3662
3663
3664
3665
3590
3666
3667
3592
3668
3669
3668
3670
3596
3670
3671
3672
3673
3674
3675
3676
3677
3677
3678
3676
3679
3680
3681
3679
3681
3680
3682
3683
3684
3684
3685
3683
3686
3686
3687
3682
3687
3685
3688
3613
3688
3689
3689
3690
3690
3691
3691
3692
3692
3693
3693
3694
3694
3695
3695
3696
3696
3697
3697
3698
3698
3699
3699
3700
3700
3701
3701
3702
3702
3703
3703
3704
3704
3705
3705
3706
3706
3707
3707
3708
3708
3709
3710
3709
3711
3712
3713
3714
3715
3644
3716
3716
3717
3717
3718
3719
3720
3652
3721
3721
3722
3723
3724
3725
3726
3727
3728
3729
3729
3730
3730
3731
3731
3732
3732
3733
3724
3733
3734
3664
3735
3735
3736
3736
3737
3737
3738
3738
3739
3740
3741
3666
3742
3743
3669
3744
3745
3746
3747
3748
3749
3749
3750
3748
3751
3751
3752
3678
3752
3753
3754
3755
3756
3757
3758
3759
3760
3761
3762
3763
3764
3765
3766
3767
3768
3769
3770
3771
3772
3773
3774
3775
3776
3777
3778
3779
3780
3781
3782
3783
3784
3785
3786
3711
3787
3788
3787
3789
3789
3790
3791
3792
3718
3791
3793
3794
3795
3722
3796
3796
3797
3798
3799
3724
3800
3800
3801
3727
3802
3803
3803
3804
3805
3805
3806
3806
3807
3807
3808
3808
3809
3800
3809
3810
3740
3811
3811
3812
3812
3813
3813
3814
3814
3815
3816
3817
3742
3818
3819
3744
3820
3821
3822
3823
3823
3824
3750
3822
3825
3826
3827
3828
3829
3830
3831
3830
3832
3832
3833
3758
3834
3835
3836
3835
3837
3838
3839
3840
3840
3841
3841
3842
3839
3843
3838
3843
3842
3844
3844
3845
3845
3846
3846
3847
3847
3848
3848
3849
3849
3850
3850
3851
3851
3852
3852
3853
3853
3854
3854
3855
3855
3856
3856
3857
3857
3858
3858
3859
3859
3860
3860
3861
3861
3862
3862
3863
3863
3864
3864
3865
3866
3865
3867
3868
3792
3869
3870
3871
3797
3872
3872
3873
3873
3874
3875
3876
3877
3878
3878
3879
3802
3810
3880
3881
3877
3882
3883
3883
3884
3884
3885
3885
3886
3886
3887
3887
3888
3816
3889
3889
3890
3890
3891
3891
3892
3892
3893
3894
3895
3818
3896
3897
3820
3898
3899
3824
3900
3901
3902
3903
3904
3905
3905
3906
3906
3907
3904
3908
3833
3908
3909
3834
3910
3911
3912
3913
3914
3837
3915
3916
3917
3918
3919
3920
3921
3922
3923
3924
3925
3926
3927
3928
3929
3930
3931
3932
3933
3934
3935
3936
3937
3938
3939
3940
3941
3942
3943
3944
3867
3945
3946
3945
3947
3947
3948
3874
3949
3948
3949
3950
3951
3952
3879
3953
3953
3954
3955
3956
3957
3881
3888
3958
3958
3959
3960
3960
3961
3961
3962
3962
3963
3963
3964
3964
3965
3894
3966
3966
3967
3967
3968
3968
3969
3969
3970
3971
3972
3896
3973
3974
3898
3975
3976
3977
3978
3977
3979
3907
3980
3980
3981
3979
3981
3982
3983
3984
3985
3986
3987
3988
3988
3989
3987
3990
3990
3991
3989
3992
3992
3993
3993
3994
3994
3995
3995
3996
3997
3998
3997
3999
3999
4000
4000
4001
3996
3998
4001
4002
4002
4003
4003
4004
4004
4005
4005
4006
4006
4007
4007
4008
4008
4009
4009
4010
4010
4011
4011
4012
4012
4013
4013
4014
4014
4015
4015
4016
4016
4017
4017
4018
4018
4019
4019
4020
4020
4021
4021
4022
4022
4023
4024
4023
4025
4026
4027
4028
3954
4029
4029
4030
4030
4031
4032
4033
3959
4034
4034
4035
4035
4036
3965
4037
4038
4038
4039
4039
4040
4040
4041
4041
4042
4037
4042
3971
4043
4043
4044
4044
4045
4045
4046
4046
4047
4048
4049
3973
4050
4051
4052
4053
4052
4054
3978
4054
4055
4056
4057
4058
4059
4060
4061
4061
4062
4062
4063
4063
4064
3991
4060
4065
4066
4067
4068
4069
4070
4071
4072
4073
4074
4075
4076
4077
4078
4079
4080
4081
4082
4083
4084
4085
4086
4087
4088
4089
4090
4091
4092
4093
4094
4095
4096
4097
4098
4099
4100
4101
4025
4102
4103
4102
4104
4104
4105
4031
4105
4106
4107
4108
4036
4109
4109
4110
4111
4112
4113
4114
4115
4116
4116
4117
4117
4118
4118
4119
4114
4119
4048
4120
4120
4121
4121
4122
4122
4123
4123
4124
4125
4126
4050
4127
4128
4053
4129
4130
4131
4132
4133
4134
4133
4135
4134
4136
4064
4137
4136
4137
4138
4139
4140
4141
4142
4143
4144
4144
4145
4145
4146
4143
4147
4147
4148
4146
4149
4149
4150
4150
4151
4151
4152
4152
4153
4154
4155
4153
4155
4154
4156
4156
4157
4157
4158
4158
4159
4159
4160
4160
4161
4161
4162
4162
4163
4163
4164
4164
4165
4165
4166
4167
4168
4168
4169
4169
4170
4170
4171
4171
4172
4172
4173
4173
4174
4174
4175
4175
4176
4176
4177
4177
4178
4178
4179
4179
4180
4180
4181
4182
4181
4183
4184
4185
4110
4186
4186
4187
4187
4188
4189
4190
4112
4115
4191
4191
4192
4193
4194
4194
4195
4196
4196
4197
4197
4198
4193
4198
4125
4199
4199
4200
4200
4201
4201
4202
4202
4203
4204
4205
4127
4206
4207
4129
4208
4209
4210
4211
4211
4212
4135
4210
4213
4214
4215
4216
4217
4148
4218
4218
4219
4219
4220
4220
4221
4221
4222
4223
4224
4225
4226
4227
4228
4229
4230
4231
4232
4233
4234
4235
4236
4237
4238
4239
4240
4241
4242
4243
4244
4245
4167
4246
4247
4248
4249
4250
4251
4252
4253
4254
4255
4256
4257
4258
4259
4260
4261
4183
4262
4263
4262
4264
4188
4264
4265
4266
4267
4268
4269
4268
4270
4195
4269
4271
4272
4273
4273
4274
4271
4274
4275
4275
4276
4272
4276
4204
4277
4277
4278
4278
4279
4279
4280
4280
4281
4282
4283
4206
4284
4285
4208
4286
4287
4212
4288
4289
4290
4291
4292
4293
4293
4294
4292
4295
4294
4296
4222
4296
4297
4298
4299
4300
4301
4302
4303
4303
4304
4304
4305
4305
4306
4302
4307
4307
4308
4306
4309
4309
4310
4310
4311
4311
4312
4312
4313
4314
4315
4313
4315
4314
4316
4316
4317
4317
4318
4318
4319
4319
4320
4320
4321
4321
4322
4322
4323
4323
4324
4246
4325
4326
4326
4327
4327
4328
4328
4329
4329
4330
4330
4331
4331
4332
4332
4333
4333
4334
4334
4335
4335
4336
4336
4337
4337
4338
4338
4339
4339
4340
4340
4341
4342
4341
4343
4344
4270
4345
4345
4346
4346
4347
4348
4349
4350
4351
4352
4353
4354
4354
4355
4351
4355
4356
4353
4356
4282
4357
4357
4358
4358
4359
4359
4360
4360
4361
4362
4363
4284
4364
4365
4366
4367
4366
4368
4368
4369
4369
4370
4295
4371
4371
4372
4370
4372
4373
4374
4375
4376
4377
4378
4379
4379
4380
4381
4382
4381
4383
4383
4384
4385
4386
4387
4388
4389
4390
4378
4391
4392
4393
4394
4395
4396
4397
4398
4399
4400
4401
4402
4403
4404
4405
4406
4325
4407
4408
4409
4410
4411
4412
4413
4414
4415
4416
4417
4418
4419
4420
4421
4422
4423
4424
4343
4425
4426
4347
4425
4427
4428
4429
4349
4430
4352
4430
4431
4432
4433
4433
4434
4435
4436
4436
4437
4432
4437
4435
4362
4438
4438
4439
4439
4440
4440
4441
4441
4442
4443
4444
4364
4445
4446
4367
4447
4448
4449
4450
4451
4452
4453
4454
4455
4456
4455
4457
4457
4458
4456
4459
4384
4458
4460
4461
4382
4462
4463
4464
4465
4466
4467
4468
4468
4469
4469
4470
4470
4471
4471
4472
4391
4467
4473
4472
4474
4474
4475
4475
4476
4476
4477
4477
4478
4479
4480
4478
4480
4479
4481
4481
4482
4482
4483
4483
4484
4484
4485
4485
4486
4486
4487
4487
4488
4488
4489
4489
4490
4490
4491
4491
4492
4492
4493
4493
4494
4494
4495
4495
4496
4496
4497
4497
4498
4498
4499
4499
4500
4500
4501
4501
4502
4502
4503
4503
4504
4504
4505
4505
4506
4507
4506
4508
4431
4509
4509
4510
4510
4511
4434
4512
4513
4514
4514
4515
4515
4516
4517
4517
4518
4513
4518
4443
4519
4519
4520
4520
4521
4521
4522
4522
4523
4524
4525
4445
4526
4527
4447
4528
4529
4449
4530
4531
4530
4532
4532
4533
4533
4534
4459
4535
4534
4535
4536
4537
4538
4539
4540
4541
4542
4462
4542
4543
4544
4545
4544
4546
4545
4547
4547
4548
4549
4550
4551
4552
4553
4554
4555
4556
4557
4558
4559
4560
4561
4562
4563
4564
4565
4566
4567
4568
4569
4570
4571
4572
4573
4574
4575
4576
4577
4578
4579
4580
4581
4582
4583
4584
4585
4586
4587
4588
4589
4508
4511
4590
4591
4592
4593
4516
4591
4594
4595
4595
4596
4596
4597
4597
4598
4599
4594
4599
4524
4600
4600
4601
4601
4602
4602
4603
4603
4604
4605
4606
4526
4607
4608
4528
4609
4610
4531
4611
4612
4613
4614
4615
4616
4617
4618
4619
4619
4620
4618
4621
4548
4621
4620
4622
4556
4623
4624
4546
4625
4626
4627
4628
4629
4630
4555
4631
4631
4632
4632
4633
4633
4634
4634
4635
4635
4636
4637
4638
4636
4639
4639
4640
4640
4641
4641
4642
4642
4643
4644
4645
4643
4645
4644
4646
4646
4647
4647
4648
4648
4649
4649
4650
4650
4651
4651
4652
4652
4653
4653
4654
4654
4655
4655
4656
4656
4657
4657
4658
4658
4659
4659
4660
4660
4661
4661
4662
4662
4663
4663
4664
4664
4665
4665
4666
4666
4667
4667
4668
4668
4669
4669
4670
4670
4671
4593
4672
4673
4674
4675
4674
4676
4677
4677
4678
4678
4679
4679
4680
4673
4680
4681
4676
4605
4682
4682
4683
4683
4684
4684
4685
4685
4686
4687
4688
4607
4689
4690
4609
4691
4692
4611
4693
4694
4695
4696
4695
4697
4696
4698
4698
4699
4699
4700
4622
4700
4701
4702
4703
4704
4705
4624
4706
4625
4707
4708
4709
4708
4710
4709
4711
4710
4712
4712
4713
4714
4715
4716
4717
4718
4719
4720
4721
4720
4722
4723
4724
4725
4726
4727
4728
4729
4730
4731
4732
4733
4734
4735
4736
4737
4738
4739
4740
4741
4742
4743
4744
4745
4746
4747
4748
4749
4750
4751
4752
4753
4754
4672
4755
4756
4675
4757
4758
4759
4759
4760
4760
4761
4761
4762
4762
4763
4758
4763
4764
4687
4765
4765
4766
4766
4767
4767
4768
4768
4769
4770
4771
4689
4772
4773
4691
4774
4775
4693
4776
4777
4697
4778
4779
4780
4781
4782
4783
4784
4785
4786
4786
4787
4787
4788
4713
4789
4788
4790
4722
4791
4711
4791
4792
4793
4794
4795
4796
4797
4721
4798
4798
4799
4799
4800
4800
4801
4801
4802
4802
4803
4804
4805
4806
4803
4807
4807
4808
4808
4809
4809
4810
4810
4811
4812
4813
4811
4813
4812
4814
4814
4815
4815
4816
4816
4817
4817
4818
4818
4819
4819
4820
4820
4821
4821
4822
4822
4823
4823
4824
4824
4825
4825
4826
4826
4827
4827
4828
4828
4829
4829
4830
4830
4831
4832
4833
4832
4834
4834
4835
4835
4836
4836
4837
4838
4839
4839
4840
4840
4841
4841
4842
4758
4842
4843
4843
4844
4844
4845
4845
4846
4846
4847
4842
4847
4848
4770
4849
4849
4850
4850
4851
4851
4852
4852
4853
4854
4855
4772
4856
4857
4774
4858
4859
4776
4860
4861
4861
4862
4862
4863
4864
4865
4865
4866
4864
4867
4866
4868
4868
4869
4790
4869
4789
4870
4871
4872
4873
4874
4875
4876
4877
4878
4878
4879
4877
4880
4879
4881
4880
4882
4882
4883
4884
4885
4886
4887
4888
4889
4890
4891
4890
4892
4891
4893
4894
4895
4896
4897
4898
4899
4900
4901
4902
4903
4904
4905
4906
4907
4908
4909
4910
4911
4912
4913
4914
4915
4916
4917
4833
4918
4919
4920
4921
4922
4923
4838
4924
4925
4926
4927
4848
4928
4928
4929
4929
4930
4930
4931
4931
4932
4932
4933
4854
4934
4934
4935
4935
4936
4936
4937
4937
4938
4939
4940
4856
4941
4942
4858
4943
4944
4944
4945
4945
4946
4947
4948
4867
4949
4950
4951
4952
4953
4954
4955
4956
4957
4957
4958
4958
4959
4959
4960
4883
4956
4960
4961
4881
4893
4962
4963
4964
4965
4966
4967
4968
4892
4969
4969
4970
4970
4971
4971
4972
4972
4973
4973
4974
4975
4976
4977
4978
4974
4979
4979
4980
4980
4981
4981
4982
4982
4983
4984
4985
4983
4985
4984
4986
4986
4987
4987
4988
4988
4989
4989
4990
4990
4991
4991
4992
4992
4993
4993
4994
4994
4995
4995
4996
4996
4997
4997
4998
4998
4999
4999
5000
5000
5001
5001
5002
5002
5003
4920
5004
5003
5005
5006
5006
5007
4924
5007
5008
5009
5010
4927
5009
4933
5011
5011
5012
5012
5013
5013
5014
5014
5015
5015
5016
4939
5017
5017
5018
5018
5019
5019
5020
5020
5021
5022
5023
4941
5024
5025
5026
5027
5026
5028
5029
5030
5031
5032
5031
5033
4949
5033
5034
5035
5036
5035
5037
5037
5038
5036
5039
5038
5040
4961
5040
5041
5042
5043
5044
5045
5046
5047
5048
5047
5049
5049
5050
5048
5051
5050
5052
5051
5053
5053
5054
5055
5056
5057
5058
5059
5060
5061
5062
5061
5063
5062
5064
5052
5063
5065
5066
5067
5068
5069
5070
5071
5072
5073
5074
5075
5076
5077
5078
5079
5080
5081
5082
5083
5084
5085
5086
5087
5088
5089
5005
5090
5091
5092
5093
5010
5094
5016
5095
5096
5096
5097
5097
5098
5098
5099
5099
5100
5095
5100
5022
5101
5101
5102
5102
5103
5103
5104
5104
5105
5106
5107
5024
5108
5109
5027
5110
5111
5112
5113
5114
5113
5115
5032
5115
5116
5117
5118
5039
5119
5120
5121
5122
5123
5124
5125
5054
5126
5126
5127
5127
5128
5128
5129
5129
5130
5131
5132
5133
5134
5135
5136
5137
5138
5139
5140
5064
5141
5141
5142
5142
5143
5143
5144
5144
5145
5145
5146
5147
5148
5149
5150
5146
5151
5151
5152
5152
5153
5154
5155
5156
5157
5158
5159
5157
5158
5159
5160
5160
5161
5161
5162
5162
5163
5163
5164
5164
5165
5165
5166
5166
5167
5167
5168
5168
5169
5169
5170
5170
5171
5171
5172
5172
5173
5173
5174
5174
5175
5175
5176
5090
5177
5178
5179
5180
5180
5181
5094
5181
5182
5182
5183
5184
5184
5185
5185
5186
5186
5187
5183
5187
5106
5188
5188
5189
5189
5190
5190
5191
5191
5192
5193
5194
5195
5196
5195
5197
5110
5197
5198
5114
5199
5199
5200
5201
5202
5203
5204
5205
5205
5206
5119
5204
5207
5208
5209
5209
5210
5208
5211
5211
5212
5210
5213
5131
5212
5214
5215
5216
5217
5132
5218
5219
5220
5221
5222
5222
5223
5221
5224
5224
5225
5223
5226
5225
5227
5226
5228
5228
5229
5230
5231
5232
5233
5234
5235
5236
5237
5237
5238
5227
5236
5238
5239
5240
5241
5154
5242
5243
5156
5243
5244
5245
5246
5247
5248
5249
5250
5251
5252
5253
5254
5255
5256
5257
5258
5259
5260
5261
5262
5263
5177
5264
5265
5179
5266
5267
5268
5269
5269
5270
5270
5271
5272
5272
5273
5273
5274
5271
5274
5193
5275
5275
5276
5276
5277
5277
5278
5278
5279
5280
5281
5282
5283
5284
5283
5285
5286
5200
5287
5288
5289
5290
5291
5291
5292
5206
5290
5293
5294
5295
5213
5296
5297
5298
5299
5300
5301
5302
5229
5303
5303
5304
5304
5305
5305
5306
5306
5307
5308
5309
5307
5309
5310
5311
5312
5313
5314
5315
5316
5317
5318
5239
5319
5319
5320
5320
5321
5321
5322
5322
5323
5323
5324
5325
5326
5327
5328
5324
5329
5329
5330
5330
5331
5332
5333
5334
5333
5335
5335
5336
5336
5337
5337
5338
5338
5339
5339
5340
5340
5341
5341
5342
5342
5343
5343
5344
5344
5345
5345
5346
5346
5347
5348
5349
5349
5350
5350
5351
5352
5353
5353
5354
5264
5354
5355
5266
5356
5357
5268
5357
5358
5269
5359
5360
5360
5361
5361
5362
5363
5363
5364
5362
5364
5280
5365
5365
5366
5366
5367
5367
5368
5368
5369
5370
5371
5282
5372
5373
5374
5285
5286
5375
5376
5377
5378
5292
5379
5378
5379
5380
5381
5382
5296
5383
5383
5384
5384
5385
5386
5387
5388
5388
5389
5389
5390
5387
5391
5308
5391
5390
5392
5393
5394
5395
5396
5397
5398
5399
5400
5401
5400
5402
5402
5403
5401
5404
5404
5405
5403
5406
5405
5407
5406
5408
5408
5409
5410
5411
5412
5413
5414
5415
5407
5416
5416
5417
5417
5418
5419
5420
5421
5422
5332
5423
5334
5424
5425
5426
5427
5428
5429
5430
5431
5432
5433
5434
5435
5436
5437
5348
5438
5439
5439
5440
5352
5441
5442
5443
5444
5356
5445
5446
5446
5447
5359
5447
5448
5360
5449
5450
5450
5451
5451
5452
5453
5452
5453
5370
5454
5454
5455
5455
5456
5456
5457
5457
5458
5459
5460
5372
5461
5462
5463
5464
5465
5466
5465
5467
5377
5467
5468
5469
5470
5385
5471
5471
5472
5472
5473
5474
5475
5476
5392
5477
5478
5479
5480
5481
5482
5483
5409
5484
5484
5485
5485
5486
5486
5487
5487
5488
5489
5490
5488
5490
5491
5492
5493
5494
5495
5496
5497
5498
5499
5500
5419
5501
5501
5502
5502
5503
5503
5504
5504
5505
5505
5506
5507
5508
5420
5509
5510
5511
5506
5512
5512
5513
5513
5514
5515
5516
5514
5516
5515
5517
5517
5518
5518
5519
5519
5520
5520
5521
5521
5522
5522
5523
5523
5524
5524
5525
5525
5526
5526
5527
5527
5528
5529
5530
5531
5441
5532
5533
5534
5535
5535
5536
5445
5536
5537
5537
5538
5538
5539
5449
5539
5540
5450
5541
5542
5542
5543
5543
5544
5544
5459
5545
5545
5546
5546
5547
5547
5548
5548
5549
5550
5551
5461
5552
5553
5464
5554
5466
5555
5556
5557
5558
5559
5560
5561
5561
5562
5473
5562
5563
5564
5565
5477
5566
5566
5567
5567
5568
5569
5570
5571
5570
5572
5572
5573
5573
5574
5489
5571
5575
5576
5577
5578
5579
5580
5581
5582
5583
5584
5585
5584
5586
5585
5587
5587
5588
5586
5589
5589
5590
5588
5591
5590
5592
5591
5593
5593
5594
5595
5596
5597
5598
5599
5600
5592
5601
5601
5602
5602
5603
5604
5605
5603
5604
5606
5607
5608
5609
5610
5611
5612
5613
5614
5615
5616
5617
5618
5619
5620
5621
5529
5622
5623
5531
5624
5532
5625
5534
5626
5627
5628
5629
5629
5630
5630
5631
5631
5632
5541
5632
5633
5542
5634
5635
5635
5636
5636
5550
5637
5637
5638
5638
5639
5639
5640
5640
5641
5642
5643
5552
5644
5645
5554
5646
5647
5556
5648
5649
5650
5651
5651
5652
5560
5650
5653
5654
5655
5568
5656
5656
5657
5657
5658
5659
5660
5661
5576
5662
5663
5664
5665
5666
5575
5667
5668
5669
5594
5670
5670
5671
5671
5672
5672
5673
5673
5674
5675
5676
5674
5676
5677
5678
5679
5680
5681
5682
5683
5684
5685
5686
5687
5688
5689
5689
5690
5690
5691
5691
5692
5692
5693
5693
5694
5695
5696
5697
5698
5688
5698
5694
5699
5699
5700
5700
5701
5702
5703
5701
5703
5702
5704
5704
5705
5705
5706
5706
5707
5707
5708
5708
5709
5709
5710
5710
5711
5711
5712
5712
5713
5622
5713
5714
5715
5716
5716
5717
5626
5717
5718
5628
5718
5719
5629
5720
5721
5721
5722
5722
5723
5723
5724
5634
5724
5725
5635
5726
5727
5727
5642
5728
5728
5729
5729
5730
5730
5731
5731
5732
5733
5734
5644
5735
5736
5737
5738
5737
5739
5649
5739
5652
5740
5741
5742
5743
5744
5745
5746
5746
5747
5658
5747
5748
5749
5750
5662
5751
5751
5752
5753
5754
5755
5756
5757
5675
5757
5758
5759
5667
5759
5760
5760
5761
5755
5762
5763
5764
5765
5766
5767
5768
5769
5770
5771
5772
5773
5771
5774
5772
5775
5775
5776
5774
5777
5777
5778
5776
5779
5778
5780
5779
5781
5781
5782
5783
5784
5785
5786
5787
5788
5789
5780
5790
5790
5791
5791
5792
5793
5794
5795
5796
5797
5798
5799
5800
5801
5802
5803
5804
5805
5806
5807
5808
5715
5809
5810
5811
5812
5812
5813
5720
5813
5814
5721
5815
5816
5816
5817
5817
5818
5818
5819
5726
5819
5727
5733
5820
5820
5821
5821
5822
5822
5823
5823
5824
5825
5826
5735
5827
5828
5738
5829
5830
5831
5832
5741
5833
5834
5745
5835
5835
5836
5836
5837
5838
5839
5840
5754
5841
5841
5842
5842
5843
5844
5753
5845
5846
5847
5848
5758
5849
5850
5851
5852
5853
5762
5854
5855
5782
5856
5856
5857
5857
5858
5858
5859
5859
5860
5861
5862
5860
5861
5773
5863
5864
5865
5866
5867
5868
5869
5870
5871
5872
5873
5874
5875
5876
5877
5876
5878
5878
5879
5879
5880
5880
5881
5881
5882
5882
5883
5884
5885
5793
5886
5877
5883
5887
5887
5888
5888
5889
5890
5891
5889
5890
5891
5892
5892
5893
5893
5894
5894
5895
5895
5896
5896
5897
5897
5898
5898
5899
5899
5900
5809
5901
5902
5811
5902
5903
5812
5904
5905
5905
5906
5815
5906
5907
5816
5908
5909
5909
5910
5910
5911
5911
5825
5912
5912
5913
5913
5914
5914
5915
5915
5916
5917
5918
5827
5919
5920
5829
5921
5922
5923
5924
5923
5925
5834
5924
5837
5926
5927
5928
5929
5930
5931
5932
5931
5933
5843
5933
5934
5935
5936
5845
5937
5938
5939
5940
5940
5941
5937
5942
5943
5944
5862
5943
5944
5945
5945
5946
5946
5947
5947
5948
5948
5949
5950
5951
5952
5953
5954
5955
5956
5957
5958
5957
5959
5960
5961
5958
5961
5959
5962
5960
5963
5963
5964
5962
5965
5965
5966
5964
5967
5966
5968
5967
5969
5969
5970
5971
5972
5973
5974
5975
5976
5977
5978
5968
5979
5979
5980
5980
5981
5982
5983
5984
5985
5986
5987
5988
5989
5990
5991
5992
5993
5994
5901
5995
5996
5996
5997
5904
5997
5998
5905
5999
6000
6000
6001
5908
6001
6002
5909
6003
6004
6004
6005
6005
5917
6006
6006
6007
6007
6008
6008
6009
6009
6010
6011
6012
5919
6013
6014
6015
6016
6015
6017
5925
6018
6019
6020
6021
5927
6022
6023
5932
6024
6024
6025
6026
6027
6028
6029
6030
5941
6031
6031
6032
6032
6033
6034
5939
6035
6036
6037
6038
5949
6039
6040
6041
6042
6043
6044
6045
6046
5970
6047
6047
6048
6048
6049
6049
6050
6050
6051
6051
6052
6052
6053
6054
6055
6056
6057
6058
6059
6060
6061
6062
6063
6064
6065
6066
6067
6068
6069
5981
6069
6068
6070
6070
6071
6071
6072
6072
6073
6073
6074
6074
6075
6076
6077
6078
6075
6079
6079
6080
6080
6081
6081
6082
6083
6084
6084
6085
6085
6086
6086
6087
5991
6088
6089
6090
6091
6090
6092
5995
6092
6093
6093
6094
6094
6095
5999
6095
6096
6000
6097
6098
6098
6099
6003
6099
6100
6004
6101
6102
6102
6011
6103
6103
6104
6104
6105
6105
6106
6106
6107
6108
6109
6013
6110
6111
6016
6112
6113
6114
6018
6115
6116
6117
6118
6023
6117
6118
6119
6026
6120
6121
6122
6027
6123
6124
6125
6126
6127
6127
6128
6033
6126
6129
6130
6131
6035
6039
6132
6133
6134
6133
6135
6135
6136
6137
6053
6138
6138
6139
6139
6140
6140
6141
6141
6142
6142
6143
6143
6144
6145
6146
6147
6148
6149
6150
6151
6152
6153
6153
6154
6152
6155
6156
6157
6154
6156
6155
6158
6157
6159
6159
6160
6158
6161
6161
6162
6160
6163
6162
6164
6163
6165
6165
6166
6167
6168
6169
6170
6171
6172
6173
6174
6164
6175
6176
6177
6176
6178
6179
6180
6181
6083
6182
6183
6184
6185
6186
6088
6187
6188
6091
6189
6190
6191
6192
6192
6193
6193
6194
6194
6195
6097
6195
6196
6098
6197
6198
6198
6199
6101
6199
6102
6108
6200
6200
6201
6201
6202
6202
6203
6203
6204
6205
6206
6110
6207
6208
6112
6209
6210
6115
6211
6211
6212
6213
6119
6214
6215
6216
6217
6121
6218
6219
6128
6220
6220
6221
6222
6223
6221
6223
6224
6225
6226
6136
6227
6227
6228
6229
6230
6134
6231
6232
6233
6234
6235
6144
6231
6236
6237
6238
6239
6240
6241
6242
6166
6243
6243
6244
6244
6245
6245
6246
6246
6247
6247
6248
6248
6249
6250
6251
6252
6253
6254
6255
6256
6257
6258
6259
6260
6261
6262
6263
6264
6265
6266
6178
6265
6266
6267
6267
6268
6268
6269
6269
6270
6270
6271
6271
6272
6177
6273
6274
6275
6276
6272
6277
6277
6278
6278
6279
6279
6280
6280
6281
6281
6282
6186
6282
6283
6284
6285
6189
6285
6286
6191
6192
6287
6286
6288
6289
6289
6290
6290
6291
6291
6292
6197
6292
6293
6198
6294
6295
6295
6205
6296
6296
6297
6297
6298
6298
6299
6299
6300
6301
6302
6207
6303
6304
6209
6305
6306
6212
6307
6308
6309
6214
6310
6311
6219
6312
6312
6313
6313
6314
6222
6315
6316
6317
6318
6319
6320
6229
6321
6322
6323
6323
6324
6325
6230
6326
6327
6328
6329
6330
6331
6332
6333
6331
6334
6334
6335
6249
6336
6336
6337
6337
6338
6338
6339
6339
6340
6340
6341
6341
6342
6343
6344
6345
6346
6347
6348
6349
6350
6351
6351
6352
6352
6353
6350
6354
6353
6355
6355
6356
6354
6357
6356
6358
6358
6359
6357
6360
6360
6361
6362
6363
6273
6361
6363
6364
6364
6365
6366
6367
6368
6369
6370
6371
6372
6373
6374
6375
6376
6375
6377
6376
6378
6379
6380
6381
6382
6383
6384
6284
6385
6386
6387
6387
6388
6288
6289
6389
6388
6390
6391
6391
6392
6392
6393
6393
6394
6294
6394
6295
6301
6395
6395
6396
6396
6397
6397
6398
6398
6399
6400
6401
6303
6402
6403
6305
6404
6405
6307
6406
6407
6310
6408
6408
6409
6410
6314
6411
6412
6413
6414
6316
6415
6416
6324
6417
6417
6418
6419
6420
6418
6420
6322
6421
6422
6423
6424
6326
6335
6425
6421
6426
6427
6428
6342
6429
6332
6430
6431
6432
6429
6433
6434
6435
6436
6437
6438
6439
6440
6441
6442
6365
6443
6443
6444
6444
6445
6445
6446
6447
6448
6448
6449
6449
6450
6451
6452
6453
6454
6455
6456
6457
6458
6459
6362
6460
6461
6462
6463
6464
6465
6466
6378
6467
6467
6468
6468
6469
6469
6470
6471
6472
6472
6473
6473
6474
6474
6475
6377
6476
6477
6478
6479
6480
6380
6481
6482
6482
6483
6484
6485
6485
6486
6385
6486
6487
6387
6487
6488
6489
6489
6490
6390
6391
6491
6490
6492
6493
6493
6494
6494
6495
6495
6400
6496
6496
6497
6497
6498
6498
6499
6499
6500
6501
6502
6402
6503
6504
6404
6505
6506
6507
6508
6507
6509
6409
6510
6511
6512
6411
6513
6514
6416
6515
6515
6516
6516
6517
6518
6519
6520
6521
6522
6519
6523
6524
6525
6423
6526
6527
6527
6528
6427
6529
6428
6530
6531
6532
6533
6534
6535
6534
6536
6535
6537
6533
6537
6536
6538
6538
6539
6450
6540
6540
6541
6541
6542
6542
6543
6544
6545
6545
6546
6546
6547
6548
6549
6550
6447
6551
6552
6553
6554
6555
6556
6557
6557
6558
6558
6559
6559
6560
6556
6561
6560
6562
6562
6563
6561
6564
6563
6565
6565
6566
6564
6567
6567
6568
6566
6569
6569
6570
6570
6571
6571
6572
6573
6574
6575
6471
6576
6577
6578
6579
6580
6481
6581
6568
6582
6583
6584
6584
6585
6582
6583
6585
6586
6587
6588
6484
6589
6590
6591
6592
6592
6593
6489
6593
6594
6595
6595
6596
6492
6493
6597
6596
6598
6599
6599
6600
6600
6501
6601
6601
6602
6602
6603
6603
6604
6604
6605
6606
6607
6503
6608
6609
6505
6610
6611
6508
6612
6613
6614
6510
6615
6616
6513
6617
6617
6618
6619
6517
6620
6621
6622
6623
6624
6625
6625
6624
6626
6528
6627
6627
6628
6629
6630
6628
6629
6530
6631
6631
6632
6633
6634
6539
6635
6636
6635
6637
6637
6638
6547
6639
6640
6641
6642
6643
6644
6645
6646
6647
6544
6648
6649
6650
6651
6652
6572
6653
6654
6655
6551
6655
6656
6657
6658
6657
6659
6659
6660
6660
6661
6662
6663
6664
6665
6666
6667
6668
6669
6670
6671
6672
6673
6674
6675
6676
6677
6678
6586
6679
6679
6680
6680
6681
6681
6682
6682
6683
6683
6684
6684
6685
6581
6685
6686
6687
6688
6689
6690
6691
6692
6693
6589
6692
6694
6591
6694
6695
6592
6696
6697
6697
6698
6595
6698
6699
6700
6700
6701
6598
6599
6702
6701
6703
6704
6704
6606
6705
6705
6706
6706
6707
6707
6708
6708
6709
6710
6711
6608
6712
6713
6610
6714
6715
6612
6716
6717
6615
6718
6718
6719
6720
6618
6721
6722
6723
6620
6724
6725
6626
6726
6726
6727
6727
6728
6729
6730
6731
6732
6733
6734
6730
6735
6736
6737
6738
6737
6739
6739
6740
6741
6638
6742
6743
6744
6745
6746
6746
6747
6745
6748
6749
6750
6748
6751
6751
6752
6661
6753
6753
6754
6755
6756
6755
6757
6757
6758
6758
6759
6759
6760
6750
6760
6654
6761
6762
6763
6658
6764
6765
6766
6767
6768
6769
6770
6771
6770
6772
6772
6773
6773
6774
6774
6775
6771
6776
6775
6777
6777
6778
6776
6779
6778
6780
6780
6781
6779
6782
6687
6782
6781
6783
6783
6784
6784
6785
6785
6786
6787
6788
6789
6790
6791
6792
6793
6693
6794
6795
6796
6797
6797
6798
6798
6799
6799
6800
6801
6802
6801
6803
6696
6803
6804
6697
6805
6806
6806
6807
6700
6807
6808
6809
6809
6810
6703
6704
6810
6710
6811
6811
6812
6812
6813
6813
6814
6814
6815
6816
6817
6712
6818
6819
6714
6820
6821
6716
6822
6823
6719
6824
6825
6826
6721
6827
6828
6724
6829
6829
6830
6831
6728
6832
6833
6834
6835
6731
6836
6837
6838
6740
6839
6839
6840
6840
6841
6841
6842
6738
6742
6843
6844
6845
6846
6752
6847
6848
6847
6849
6849
6850
6851
6852
6749
6853
6854
6855
6856
6857
6858
6859
6756
6860
6861
6862
6863
6864
6865
6866
6786
6867
6867
6868
6764
6868
6869
6870
6871
6871
6872
6870
6873
6873
6874
6874
6875
6876
6877
6878
6879
6880
6881
6882
6883
6884
6885
6886
6887
6888
6889
6890
6891
6892
6800
6893
6789
6894
6895
6896
6897
6896
6898
6898
6899
6794
6899
6900
6796
6901
6902
6903
6904
6905
6906
6802
6907
6900
6908
6907
6909
6805
6909
6910
6806
6911
6912
6912
6913
6809
6913
6914
6915
6915
6816
6916
6916
6917
6917
6918
6918
6919
6919
6920
6921
6922
6818
6923
6924
6820
6925
6926
6927
6928
6927
6929
6824
6930
6931
6827
6932
6932
6933
6934
6830
6935
6936
6937
6832
6938
6939
6838
6940
6941
6942
6942
6943
6837
6944
6945
6946
6947
6948
6949
6945
6950
6951
6952
6952
6953
6951
6954
6954
6955
6956
6850
6953
6957
6958
6959
6960
6853
6960
6961
6959
6962
6856
6963
6964
6962
6965
6965
6966
6875
6967
6967
6968
6969
6970
6968
6969
6970
6971
6971
6972
6972
6973
6964
6973
6974
6975
6872
6976
6977
6978
6979
6980
6981
6982
6983
6984
6985
6986
6984
6987
6987
6988
6988
6989
6989
6990
6986
6991
6990
6992
6992
6993
6991
6994
6993
6995
6995
6996
6994
6997
6996
6998
6998
6999
6999
7000
7000
7001
6894
7002
7003
6897
7004
7005
7006
7007
7008
7008
7009
6997
7010
7011
7012
7011
7013
7013
7014
6906
7014
7015
6908
7016
7009
7017
7016
7018
6911
7018
7019
6912
7020
7021
7021
7022
6915
7022
6921
7023
7023
7024
7024
7025
7025
7026
7026
7027
7028
7029
6923
7030
7031
6925
7032
7033
6928
7034
7035
7036
6930
7037
7038
6933
7039
7040
7041
6935
7042
7043
6938
7044
7044
7045
7046
6943
7047
6941
7048
7049
7050
7051
6946
7052
7053
7054
6955
7055
7055
7056
7056
7057
7057
7058
7059
7060
7061
7062
7063
6966
7064
7064
7065
7065
7066
7067
7068
7069
7070
7071
7070
7072
7073
7074
7075
7076
7077
7078
7079
7080
7081
7082
7001
7083
6976
7083
7084
7085
7086
7086
7087
7087
7088
7085
7089
7089
7090
7090
7091
6985
7092
7093
7094
7095
7096
7097
7098
7099
7100
7101
7102
7103
7104
7105
7106
7107
7108
7109
7110
7111
7112
7004
7112
7113
7006
7007
7114
7113
7115
7008
7116
7117
7117
7118
7012
7119
7120
7121
7122
7123
7111
7124
7017
7125
7118
7126
7125
7127
7020
7127
7128
7021
7129
7130
7130
7028
7131
7131
7132
7132
7133
7133
7134
7134
7135
7136
7137
7030
7138
7139
7032
7140
7141
7034
7142
7143
7037
7144
7144
7145
7146
7039
7147
7148
7042
7149
7149
7150
7151
7152
7153
7154
7152
7155
7156
7157
7156
7158
7054
7159
7159
7160
7160
7161
7161
7162
7053
7163
7164
7165
7166
7167
7168
7164
7169
7170
7171
7171
7172
7066
7172
7170
7173
7173
7174
7175
7176
7177
7178
7179
7179
7180
7180
7181
7182
7183
7184
7073
7185
7186
7184
7187
7187
7188
7091
7189
7189
7190
7190
7191
7191
7192
7192
7193
7193
7194
7186
7194
7195
7088
7196
7197
7198
7199
7200
7201
7202
7203
7093
7204
7205
7206
7207
7206
7208
7205
7209
7209
7210
7211
7212
7212
7213
7208
7214
7213
7215
7215
7216
7214
7217
7216
7218
7218
7219
7119
7217
7219
7220
7220
7221
7221
7222
7222
7223
7224
7225
7225
7226
7115
7116
7227
7226
7228
7117
7229
7230
7230
7231
7232
7233
7234
7234
7235
7233
7236
7124
7236
7237
7126
7238
7231
7239
7238
7240
7129
7240
7130
7136
7241
7241
7242
7242
7243
7243
7244
7244
7245
7246
7247
7138
7248
7249
7250
7251
7250
7252
7142
7253
7254
7145
7255
7256
7257
7147
7258
7259
7150
7260
7261
7262
7153
7263
7264
7265
7155
7157
7266
7267
7268
7162
7269
7270
7271
7272
7273
7165
7274
7275
7276
7174
7277
7278
7279
7278
7280
7280
7281
7282
7283
7284
7285
7286
7188
7287
7287
7288
7288
7289
7183
7290
7291
7292
7182
7293
7294
7295
7296
7294
7297
7298
7299
7300
7301
7302
7303
7304
7305
7306
7196
7223
7307
7308
7309
7309
7310
7310
7311
7311
7312
7308
7313
7313
7314
7314
7315
7207
7316
7317
7318
7319
7320
7321
7211
7322
7323
7324
7325
7326
7327
7328
7329
7330
7331
7332
7333
7334
7335
7225
7237
7336
7337
7337
7338
7228
7229
7339
7338
7340
7230
7341
7342
7342
7343
7235
7344
7345
7346
7347
7348
7348
7349
7239
7350
7343
7351
7350
7246
7352
7352
7353
7353
7354
7354
7355
7355
7356
7357
7358
7248
7359
7360
7251
7361
7362
7363
7253
7364
7365
7255
7366
7367
7258
7368
7368
7369
7370
7260
7371
7372
7263
7373
7373
7374
7375
7376
7377
7376
7378
7379
7380
7269
7381
7380
7381
7382
7276
7383
7383
7384
7384
7385
7385
7386
7275
7387
7388
7389
7279
7390
7391
7392
7393
7388
7394
7395
7396
7396
7397
7289
7397
7395
7398
7398
7399
7400
7401
7402
7403
7404
7403
7405
7405
7406
7406
7407
7408
7404
7409
7409
7410
7298
7411
7412
7410
7413
7413
7414
7315
7415
7415
7416
7416
7417
7417
7418
7418
7419
7412
7419
7312
7420
7421
7422
7423
7424
7425
7426
7427
7428
7317
7429
7430
7431
7432
7432
7433
7431
7434
7322
7430
7435
7436
7437
7437
7438
7438
7439
7434
7440
7439
7441
7441
7442
7344
7440
7442
7443
7443
7444
7444
7445
7445
7446
7446
7447
7420
7447
7337
7349
7448
7449
7449
7450
7340
7341
7451
7450
7452
7342
7453
7454
7454
7455
7456
7346
7348
7457
7347
7458
7456
7459
7460
7460
7461
7351
7455
7357
7462
7462
7463
7463
7464
7464
7465
7465
7466
7467
7468
7359
7469
7470
7361
7471
7472
7364
7473
7473
7474
7475
7366
7476
7477
7369
7478
7479
7480
7371
7481
7482
7483
7484
7485
7483
7486
7378
7487
7488
7379
7489
7490
7491
7492
7493
7386
7494
7495
7496
7497
7498
7499
7500
7501
7499
7502
7399
7503
7504
7505
7503
7505
7504
7506
7506
7507
7508
7509
7510
7511
7512
7414
7513
7513
7514
7514
7515
7516
7517
7518
7519
7408
7520
7521
7522
7523
7521
7524
7525
7526
7527
7528
7529
7530
7531
7532
7533
7534
7535
7535
7536
7536
7537
7537
7538
7538
7539
7534
7540
7540
7541
7541
7542
7433
7543
7544
7545
7546
7547
7548
7436
7549
7550
7551
7552
7553
7554
7555
7556
7557
7558
7559
7560
7561
7449
7461
7562
7563
7563
7564
7452
7453
7565
7564
7566
7454
7567
7568
7568
7554
7569
7458
7460
7570
7459
7571
7569
7572
7573
7573
7574
7467
7575
7575
7576
7576
7577
7577
7578
7578
7579
7580
7581
7469
7582
7583
7471
7584
7585
7474
7586
7587
7588
7476
7589
7590
7478
7591
7592
7481
7593
7593
7594
7595
7484
7596
7597
7598
7486
7599
7600
7599
7601
7489
7602
7603
7601
7602
7604
7605
7604
7606
7494
7606
7607
7502
7608
7608
7609
7609
7610
7610
7611
7612
7501
7613
7614
7615
7616
7617
7618
7619
7620
7621
7622
7623
7622
7624
7624
7625
7623
7626
7626
7627
7628
7629
7625
7630
7631
7632
7632
7633
7631
7634
7634
7635
7635
7636
7637
7633
7638
7638
7639
7525
7640
7641
7639
7642
7642
7643
7542
7644
7644
7645
7645
7646
7646
7647
7641
7647
7539
7648
7649
7650
7651
7652
7653
7654
7655
7656
7657
7544
7658
7659
7546
7548
7660
7547
7661
7658
7662
7554
7663
7659
7664
7664
7665
7552
7666
7667
7667
7668
7669
7668
7670
7671
7672
7671
7673
7673
7674
7674
7675
7675
7676
7676
7677
7563
7574
7678
7679
7679
7680
7566
7567
7680
7568
7669
7681
7571
7573
7682
7572
7683
7681
7684
7685
7685
7686
7580
7687
7687
7688
7688
7689
7689
7690
7690
7691
7692
7693
7582
7694
7695
7584
7696
7697
7586
7698
7699
7589
7700
7700
7701
7702
7591
7703
7704
7594
7705
7706
7707
7596
7708
7709
7710
7711
7711
7712
7713
7710
7713
7714
7715
7605
7716
7717
7718
7719
7611
7720
7721
7722
7723
7724
7615
7725
7725
7726
7620
7727
7728
7627
7729
7730
7731
7729
7731
7730
7732
7733
7732
7734
7735
7736
7737
7738
7739
7740
7643
7741
7741
7742
7742
7743
7744
7745
7746
7747
7748
7637
7749
7750
7751
7752
7750
7753
7754
7755
7756
7757
7758
7759
7760
7677
7761
7762
7763
7762
7764
7764
7765
7766
7767
7767
7768
7768
7769
7763
7770
7770
7771
7771
7772
7773
7774
7774
7661
7663
7775
7662
7776
7773
7777
7669
7778
7779
7666
7780
7781
7782
7783
7784
7672
7785
7786
7787
7788
7789
7790
7791
7792
7679
7686
7793
7794
7794
7784
7795
7683
7685
7796
7684
7797
7795
7798
7799
7799
7800
7692
7801
7801
7802
7802
7803
7803
7804
7804
7805
7806
7807
7694
7808
7809
7696
7810
7811
7698
7812
7813
7701
7814
7815
7816
7703
7817
7818
7705
7819
7820
7821
7822
7823
7824
7821
7825
7712
7826
7827
7828
7829
7830
7831
7832
7716
7831
7833
7834
7835
7834
7836
7720
7835
7837
7728
7838
7838
7839
7839
7840
7840
7841
7842
7727
7843
7844
7845
7846
7847
7848
7849
7734
7850
7851
7852
7853
7852
7854
7853
7855
7743
7855
7854
7856
7856
7857
7858
7859
7860
7861
7862
7862
7863
7863
7864
7861
7865
7865
7866
7866
7867
7868
7864
7869
7869
7870
7754
7871
7872
7870
7873
7873
7874
7772
7875
7875
7876
7876
7877
7872
7877
7769
7878
7879
7880
7881
7766
7882
7883
7884
7885
7886
7887
7888
7889
7890
7891
7779
7891
7776
7778
7892
7777
7893
7890
7894
7784
7895
7780
7896
7897
7898
7782
7898
7899
7899
7900
7901
7900
7902
7903
7904
7902
7904
7903
7905
7790
7906
7907
7908
7909
7878
7909
7794
7800
7901
7910
7797
7799
7911
7798
7912
7910
7913
7914
7914
7806
7915
7915
7916
7916
7917
7917
7918
7918
7919
7920
7921
7808
7922
7923
7924
7925
7924
7926
7812
7927
7928
7814
7929
7930
7817
7931
7931
7932
7933
7819
7934
7935
7824
7936
7937
7823
7938
7939
7940
7826
7941
7942
7943
7944
7944
7945
7945
7946
7832
7943
7947
7948
7836
7949
7950
7951
7952
7953
7954
7955
7956
7957
7954
7958
7845
7959
7959
7960
7850
7961
7962
7857
7963
7964
7965
7963
7964
7965
7966
7967
7966
7968
7969
7970
7971
7972
7973
7974
7874
7975
7975
7976
7976
7977
7978
7979
7980
7981
7982
7983
7868
7984
7985
7986
7987
7988
7989
7990
7991
7992
7993
7994
7995
7996
7997
7998
7997
7999
7998
8000
8000
8001
8001
8002
8002
8003
7886
8003
8004
7999
8005
8005
8006
8007
8008
8009
8010
7896
8010
7893
7895
8011
7894
8012
8009
8013
7901
8014
7897
8015
8016
8017
8017
8018
8018
8019
8020
8021
8022
8023
7906
8024
8025
7908
8026
8027
8028
8020
8029
7912
7914
7913
8029
7920
8030
8030
8031
8031
8032
8032
8033
8033
8034
8035
8036
7922
8037
8038
8038
8039
8040
8039
8041
7927
8042
8043
7929
8044
8045
7932
8046
8047
8048
7934
8049
8050
7936
8051
8052
7938
7941
8053
8053
8054
8054
8055
8056
7946
8057
8058
8059
8060
8061
7949
8062
8062
8063
8064
8065
8066
7953
8066
8067
8068
8069
8070
8071
8072
8072
8073
8073
8074
8074
8075
8076
7961
8077
8078
8071
8079
8080
8081
8082
8083
7968
8084
8085
8086
8087
8088
8089
8087
8090
7977
8088
8090
8091
8091
8092
8093
8094
8095
8096
8097
8097
8098
8098
8099
8099
8100
8096
8101
8101
8102
8102
8103
7989
8103
8100
8104
8104
8105
7990
8106
8107
8108
8109
8110
8110
8111
8007
8112
8112
8113
8108
8113
8114
8115
8116
8117
8118
8119
8120
8121
8122
8115
8123
8124
8008
8125
8126
8127
8128
8129
8015
8129
8012
8014
8130
8013
8131
8128
8132
8020
8133
8016
8134
8135
8136
8136
8137
8019
8137
8021
8138
8139
8023
8140
8023
8024
8141
8142
8143
8144
8026
8144
8145
8145
8146
8114
8146
8139
8035
8147
8147
8148
8148
8149
8149
8150
8150
8151
8152
8153
8037
8154
8155
8156
8157
8041
8042
8158
8159
8044
8160
8161
8046
8162
8163
8049
8164
8164
8165
8166
8051
8167
8168
8055
8169
8170
8171
8172
8057
8173
8174
8063
8175
8175
8176
8176
8177
8177
8178
8179
8180
8067
8181
8068
8182
8183
8184
8185
8186
8187
8075
8187
8188
8189
8190
8191
8192
8079
8193
8193
8194
8084
8195
8196
8092
8197
8197
8198
8198
8199
8199
8200
8201
8200
8202
8089
8203
8204
8205
8206
8207
8208
8209
8111
8210
8210
8211
8211
8212
8213
8214
8215
8216
8217
8218
8219
8220
8221
8109
8222
8223
8224
8223
8225
8226
8227
8228
8229
8230
8231
8232
8233
8234
8235
8119
8235
8236
8237
8238
8239
8240
8240
8241
8123
8241
8242
8236
8243
8243
8244
8245
8246
8244
8246
8247
8248
8134
8248
8131
8133
8132
8247
8139
8135
8249
8250
8251
8251
8252
8138
8252
8140
8253
8142
8254
8142
8143
8255
8256
8257
8258
8258
8259
8259
8260
8152
8261
8261
8262
8262
8263
8263
8264
8264
8265
8266
8267
8154
8268
8269
8270
8271
8270
8272
8158
8273
8274
8160
8275
8276
8162
8277
8278
8165
8279
8280
8281
8282
8283
8282
8284
8169
8285
8286
8173
8287
8287
8288
8288
8289
8290
8178
8291
8292
8293
8294
8295
8181
8296
8296
8297
8298
8299
8300
8186
8299
8301
8302
8300
8302
8303
8304
8189
8305
8306
8306
8307
8307
8308
8308
8309
8310
8195
8311
8312
8310
8313
8314
8315
8316
8317
8202
8318
8319
8320
8321
8320
8322
8212
8323
8321
8323
8322
8324
8324
8325
8325
8326
8327
8328
8329
8330
8331
8330
8332
8332
8333
8333
8334
8334
8335
8331
8336
8337
8338
8225
8337
8335
8339
8339
8340
8341
8226
8342
8343
8344
8340
8345
8345
8346
8346
8347
8245
8348
8344
8348
8233
8260
8349
8242
8350
8237
8351
8352
8353
8354
8239
8355
8356
8357
8358
8358
8359
8360
8361
8362
8363
8364
8249
8364
8250
8365
8366
8367
8367
8368
8253
8368
8254
8369
8256
8370
8256
8257
8371
8372
8373
8374
8374
8375
8260
8375
8376
8266
8377
8377
8378
8378
8379
8379
8380
8380
8381
8382
8383
8268
8384
8385
8271
8386
8387
8388
8273
8389
8390
8275
8391
8392
8277
8393
8394
8279
8395
8396
8283
8397
8397
8398
8399
8400
8285
8401
8402
8289
8403
8404
8405
8406
8291
8407
8408
8297
8409
8409
8410
8410
8411
8412
8413
8414
8415
8301
8416
8417
8418
8419
8420
8421
8422
8309
8422
8313
8423
8424
8425
8426
8427
8428
8428
8429
8318
8430
8431
8432
8433
8433
8434
8434
8435
8435
8436
8437
8436
8438
8439
8440
8441
8442
8443
8444
8432
8445
8347
8446
8446
8447
8447
8448
8449
8450
8451
8452
8453
8454
8338
8455
8456
8457
8458
8459
8460
8461
8461
8462
8460
8463
8464
8465
8466
8467
8468
8350
8376
8469
8359
8470
8471
8472
8355
8471
8473
8474
8472
8474
8475
8357
8475
8476
8358
8477
8478
8478
8479
8480
8481
8363
8480
8482
8483
8483
8365
8366
8484
8484
8485
8369
8485
8370
8486
8372
8487
8372
8373
8488
8489
8490
8491
8491
8492
8376
8492
8493
8382
8494
8494
8495
8495
8496
8496
8497
8497
8498
8499
8500
8384
8501
8502
8386
8503
8504
8389
8505
8505
8506
8507
8391
8508
8509
8393
8510
8511
8395
8512
8513
8398
8514
8515
8516
8401
8517
8517
8518
8519
8403
8520
8521
8407
8522
8522
8523
8523
8524
8525
8412
8526
8527
8528
8413
8529
8530
8531
8416
8532
8532
8533
8534
8421
8535
8535
8536
8537
8538
8536
8539
8540
8541
8424
8542
8543
8543
8544
8544
8545
8546
8547
8548
8430
8549
8550
8548
8551
8552
8553
8554
8555
8556
8438
8557
8558
8559
8560
8560
8561
8559
8562
8448
8561
8562
8563
8563
8564
8564
8565
8566
8567
8568
8569
8570
8569
8571
8572
8573
8573
8574
8574
8575
8575
8576
8571
8577
8463
8578
8578
8579
8576
8580
8580
8581
8582
8583
8584
8585
8586
8584
8587
8581
8588
8588
8589
8589
8590
8482
8587
8470
8493
8591
8479
8592
8593
8594
8481
8595
8596
8593
8597
8477
8597
8598
8478
8599
8600
8600
8601
8602
8603
8604
8605
8606
8486
8606
8487
8607
8489
8608
8489
8490
8609
8610
8611
8612
8612
8613
8493
8613
8614
8499
8615
8615
8616
8616
8617
8617
8618
8618
8619
8620
8621
8501
8622
8623
8503
8624
8625
8506
8626
8627
8628
8508
8629
8630
8510
8631
8632
8512
8633
8634
8514
8635
8636
8518
8637
8637
8638
8639
8640
8520
8641
8642
8524
8643
8644
8645
8646
8526
8647
8648
8533
8649
8649
8650
8650
8651
8531
8652
8653
8654
8655
8538
8656
8657
8658
8539
8659
8660
8661
8662
8663
8546
8662
8551
8664
8665
8666
8547
8667
8668
8669
8670
8670
8671
8557
8672
8673
8565
8674
8674
8675
8675
8676
8677
8678
8678
8679
8680
8679
8681
8682
8683
8684
8685
8686
8687
8688
8590
8689
8689
8690
8691
8692
8693
8572
8694
8695
8696
8697
8698
8699
8700
8579
8701
8702
8703
8704
8705
8706
8707
8585
8707
8708
8709
8702
8710
8711
8712
8713
8714
8592
8614
8715
8601
8716
8594
8717
8596
8718
8596
8719
8720
8721
8717
8722
8599
8722
8723
8600
8724
8725
8725
8726
8603
8727
8719
8728
8729
8727
8728
8607
8608
8610
8610
8611
8730
8730
8731
8614
8731
8732
8620
8733
8733
8734
8734
8735
8735
8736
8736
8737
8738
8739
8622
8740
8741
8624
8742
8743
8626
8744
8745
8629
8746
8746
8747
8748
8631
8749
8750
8633
8751
8752
8635
8753
8754
8638
8755
8756
8757
8641
8758
8758
8759
8760
8643
8761
8762
8763
8764
8764
8765
8765
8766
8763
8767
8767
8768
8769
8770
8771
8772
8768
8773
8771
8773
8656
8774
8775
8776
8777
8663
8778
8778
8779
8780
8781
8780
8782
8779
8781
8783
8784
8665
8785
8786
8667
8786
8787
8788
8789
8788
8790
8791
8672
8792
8793
8791
8794
8795
8796
8677
8797
8798
8799
8800
8681
8801
8802
8803
8804
8803
8805
8691
8805
8804
8806
8806
8807
8807
8808
8808
8809
8810
8692
8811
8812
8813
8695
8814
8814
8815
8816
8815
8817
8817
8818
8818
8819
8819
8820
8821
8822
8823
8824
8825
8824
8826
8827
8828
8828
8829
8710
8830
8831
8832
8833
8833
8834
8835
8729
8832
8829
8836
8836
8837
8837
8838
8716
8732
8839
8726
8840
8718
8841
8721
8842
8843
8844
8721
8843
8845
8846
8841
8847
8724
8847
8848
8725
8849
8850
8850
8851
8844
8852
8853
8854
8732
8854
8855
8738
8856
8856
8857
8857
8858
8858
8859
8859
8860
8861
8862
8740
8863
8864
8742
8865
8866
8744
8867
8868
8747
8869
8870
8871
8749
8872
8873
8751
8874
8875
8876
8877
8876
8878
8755
8879
8880
8759
8881
8881
8882
8883
8884
8761
8885
8886
8766
8887
8888
8889
8890
8891
8892
8893
8776
8894
8772
8894
8895
8896
8897
8775
8898
8899
8900
8782
8901
8902
8903
8904
8905
8906
8789
8907
8907
8908
8794
8909
8910
8790
8911
8912
8913
8914
8915
8915
8916
8801
8917
8918
8809
8919
8919
8920
8920
8921
8921
8922
8922
8923
8923
8924
8925
8924
8926
8927
8928
8929
8930
8931
8932
8933
8838
8934
8934
8935
8936
8937
8935
8937
8938
8939
8823
8940
8941
8942
8943
8822
8944
8827
8945
8945
8946
8947
8826
8835
8948
8949
8950
8951
8831
8952
8834
8953
8954
8955
8956
8957
8958
8959
8840
8855
8851
8842
8960
8846
8961
8962
8963
8852
8963
8846
8962
8964
8965
8960
8966
8849
8966
8967
8850
8968
8969
8969
8853
8970
8953
8971
8855
8861
8972
8972
8973
8973
8974
8974
8975
8975
8976
8977
8978
8863
8979
8980
8865
8981
8982
8867
8983
8984
8869
8985
8986
8872
8987
8987
8988
8989
8874
8990
8991
8877
8992
8993
8994
8879
8995
8996
8882
8997
8998
8999
8885
9000
9000
9001
9002
8887
9003
9004
8889
9005
9006
9006
9007
9008
9009
9010
9011
9010
9012
9013
9014
9015
9015
9016
9012
9014
8901
9017
9017
9018
9018
9019
9020
8908
9021
9021
9022
9023
9024
9022
9023
9024
9025
9026
9027
8910
9028
8911
9029
9030
9031
9031
9032
9030
9033
9034
9035
9036
9035
9037
9034
9038
9039
9040
9041
9042
9043
9044
8926
9045
9046
9047
9048
9048
9049
8936
9047
9049
9050
9050
9051
9051
9052
9052
9053
9054
9055
9056
9057
8940
9058
9058
9059
9060
9059
9061
9061
9062
9062
9063
9063
9064
9065
8947
9060
9066
8948
9067
8956
9068
9069
9070
8951
9069
9071
8955
8956
9072
8954
9073
8955
9074
9075
9076
9077
9078
9078
9079
9079
9080
8961
9081
8965
9082
9083
9084
8970
9084
8965
9083
9085
9086
9081
9087
8968
9087
8969
8971
9088
9073
9089
8977
9090
9090
9091
9091
9092
9092
9093
9093
9094
9095
9096
8979
9097
9098
8981
9099
9100
8983
9101
9102
8985
9103
9104
8988
9105
9106
9107
8990
9108
9109
8992
9110
9111
8995
9112
9112
9113
9114
8997
9115
9116
9001
9117
9117
9118
9119
9120
9003
9121
9122
9009
9123
9011
9124
9125
9008
9126
9127
9128
9129
9130
9131
9016
9019
9132
9133
9134
9135
9136
9137
9025
9138
9139
9140
9141
9142
9143
9032
9144
9144
9145
9038
9146
9033
9147
9148
9149
9150
9151
9152
9153
9152
9154
9045
9155
9156
9053
9157
9157
9158
9158
9159
9159
9160
9160
9161
9161
9162
9163
9162
9164
9165
9166
9167
9168
9169
9170
9171
9080
9172
9172
9173
9174
9175
9173
9175
9176
9177
9176
9178
9179
9180
9181
9065
9182
9183
9067
9178
9184
9068
9185
9076
9186
9187
9183
9188
9077
9189
9075
9076
9190
9074
9191
9075
9192
9193
9194
9195
9196
9197
9198
9082
9199
9086
9200
9201
9202
9088
9202
9086
9201
9203
9204
9199
9089
9205
9191
9206
9095
9207
9207
9208
9208
9209
9209
9210
9210
9211
9212
9213
9097
9214
9215
9215
9216
9216
9217
9101
9218
9219
9103
9220
9221
9105
9222
9223
9108
9224
9224
9225
9226
9110
9227
9228
9113
9229
9230
9231
9115
9232
9233
9118
9234
9235
9236
9121
9237
9237
9238
9239
9123
9240
9241
9242
9243
9243
9244
9244
9245
9245
9246
9246
9247
9130
9248
9242
9249
9250
9249
9251
9251
9252
9252
9253
9138
9254
9254
9255
9253
9255
9256
9145
9257
9257
9258
9258
9259
9259
9260
9260
9261
9262
9263
9147
9264
9265
9266
9267
9268
9269
9269
9270
9267
9271
9272
9155
9273
9273
9274
9275
9272
9276
9277
9278
9279
9280
9281
9282
9164
9283
9284
9174
9285
9286
9287
9288
9289
9288
9290
9291
9292
9292
9293
9293
9294
9295
9296
9297
9298
9177
9299
9179
9300
9299
9301
9180
9302
9181
9303
9182
9304
9305
9306
9305
9185
9301
9307
9186
9308
9194
9309
9188
9310
9311
9310
9312
9193
9194
9313
9192
9314
9193
9315
9316
9317
9312
9318
9318
9319
9319
9320
9320
9321
9200
9204
9322
9323
9205
9323
9204
9322
9206
9324
9314
9325
9212
9326
9326
9327
9327
9328
9328
9329
9329
9330
9331
9332
9214
9333
9334
9335
9336
9218
9337
9338
9220
9339
9340
9222
9341
9342
9225
9343
9344
9345
9227
9346
9347
9229
9348
9349
9232
9350
9350
9351
9352
9234
9353
9354
9238
9355
9355
9356
9357
9358
9240
9359
9360
9247
9361
9362
9363
9364
9365
9366
9367
9250
9368
9369
9370
9371
9372
9373
9374
9375
9261
9376
9377
9378
9379
9380
9381
9270
9382
9383
9384
9276
9385
9271
9385
9268
9386
9387
9388
9389
9390
9391
9392
9393
9392
9394
9283
9395
9396
9294
9397
9397
9398
9398
9399
9399
9400
9400
9401
9401
9402
9403
9402
9404
9287
9405
9289
9406
9406
9407
9408
9291
9409
9410
9411
9412
9413
9321
9414
9414
9415
9416
9417
9415
9417
9300
9418
9302
9419
9418
9420
9303
9421
9304
9422
9306
9423
9311
9424
9424
9425
9308
9420
9426
9309
9427
9317
9428
9429
9429
9430
9431
9316
9317
9432
9315
9433
9316
9434
9435
9436
9437
9438
9439
9440
9441
9324
9441
9325
9442
9433
9443
9331
9444
9444
9445
9445
9446
9446
9447
9447
9448
9449
9450
9333
9451
9452
9335
9453
9454
9337
9455
9456
9339
9457
9458
9341
9459
9460
9461
9462
9461
9463
9346
9464
9464
9465
9466
9348
9467
9468
9351
9469
9470
9471
9353
9472
9473
9356
9474
9475
9476
9359
9477
9478
9479
9480
9361
9481
9482
9368
9483
9483
9484
9484
9485
9485
9486
9486
9487
9487
9488
9489
9490
9491
9491
9492
9490
9493
9493
9494
9494
9495
9376
9496
9495
9496
9497
9383
9498
9498
9499
9499
9500
9501
9502
9502
9503
9384
9504
9505
9506
9507
9508
9509
9391
9508
9389
9510
9511
9511
9512
9513
9514
9395
9515
9515
9516
9517
9514
9518
9519
9520
9521
9522
9523
9524
9404
9525
9526
9416
9527
9528
9409
9529
9530
9531
9532
9411
9533
9534
9534
9535
9535
9536
9537
9538
9539
9540
9419
9541
9421
9542
9541
9543
9422
9544
9423
9545
9425
9546
9430
9547
9547
9548
9427
9543
9549
9428
9550
9436
9551
9431
9552
9552
9553
9437
9554
9435
9436
9555
9434
9556
9435
9557
9558
9559
9438
9560
9439
9561
9440
9562
9537
9563
9442
9443
9556
9449
9564
9564
9565
9565
9566
9566
9567
9567
9568
9569
9570
9451
9571
9572
9572
9573
9573
9574
9455
9575
9576
9457
9577
9578
9459
9579
9580
9462
9581
9582
9583
9584
9585
9586
9584
9587
9467
9588
9589
9469
9590
9591
9472
9592
9592
9593
9594
9474
9595
9596
9478
9597
9597
9598
9479
9599
9600
9601
9481
9602
9603
9488
9604
9605
9606
9607
9608
9609
9610
9492
9611
9612
9613
9614
9615
9616
9617
9618
9618
9619
9620
9621
9501
9622
9623
9624
9624
9625
9512
9626
9627
9628
9626
9627
9518
9629
9630
9631
9632
9631
9633
9634
9635
9629
9636
9637
9638
9637
9639
9525
9640
9641
9536
9642
9642
9643
9644
9645
9645
9646
9646
9647
9647
9648
9649
9650
9651
9528
9652
9531
9530
9653
9654
9655
9653
9656
9656
9657
9658
9659
9660
9538
9661
9540
9662
9540
9652
9663
9664
9542
9665
9544
9666
9665
9667
9545
9668
9546
9669
9548
9670
9553
9671
9671
9672
9550
9667
9551
9559
9554
9673
9673
9674
9560
9675
9558
9559
9557
9558
9561
9676
9562
9677
9563
9678
9661
9679
9569
9680
9680
9681
9681
9682
9682
9683
9683
9684
9685
9686
9571
9687
9688
9689
9690
9575
9691
9692
9577
9693
9694
9579
9695
9696
9581
9697
9698
9585
9699
9699
9700
9701
9702
9587
9588
9703
9704
9590
9705
9706
9593
9707
9708
9709
9710
9711
9711
9712
9598
9712
9713
9714
9602
9715
9716
9717
9715
9717
9718
9604
9719
9720
9611
9721
9721
9722
9722
9723
9723
9724
9724
9725
9725
9726
9727
9728
9729
9729
9730
9730
9731
9728
9732
9732
9733
9733
9734
9735
9625
9736
9628
9737
9737
9738
9738
9739
9739
9740
9741
9742
9743
9744
9745
9746
9632
9636
9747
9748
9634
9749
9750
9750
9751
9752
9753
9640
9754
9754
9755
9756
9753
9757
9758
9644
9759
9760
9761
9762
9763
9651
9764
9650
9765
9766
9767
9655
9768
9769
9655
9769
9770
9771
9772
9658
9773
9774
9774
9775
9775
9776
9662
9777
9664
9778
9664
9768
9779
9780
9666
9781
9668
9782
9781
9669
9783
9670
9784
9672
9785
9674
9786
9786
9787
9675
9788
9788
9789
9676
9790
9677
9791
9678
9792
9679
9793
9777
9794
9685
9795
9795
9796
9796
9797
9797
9798
9798
9799
9800
9801
9687
9802
9803
9689
9804
9805
9691
9806
9807
9693
9808
9809
9695
9810
9811
9697
9812
9813
9700
9814
9815
9816
9817
9818
9818
9819
9817
9820
9705
9820
9821
9707
9822
9823
9710
9824
9824
9825
9826
9827
9828
9716
9829
9829
9830
9831
9832
9833
9719
9834
9835
9726
9836
9837
9838
9839
9840
9841
9842
9843
9844
9845
9846
9847
9844
9848
9849
9850
9735
9851
9852
9852
9853
9854
9855
9856
9741
9857
9858
9858
9859
9751
9860
9860
9861
9861
9862
9757
9863
9864
9865
9864
9866
9865
9867
9868
9869
9863
9866
9870
9871
9870
9872
9765
9873
9874
9776
9875
9875
9876
9876
9877
9877
9878
9878
9879
9879
9880
9880
9881
9882
9767
9883
9884
9771
9885
9772
9886
9771
9886
9887
9888
9773
9889
9890
9891
9891
9892
9893
9778
9894
9780
9895
9780
9885
9896
9897
9782
9783
9784
9785
9787
9789
9898
9898
9790
9899
9899
9900
9791
9901
9792
9902
9793
9903
9794
9904
9894
9905
9800
9906
9906
9907
9907
9908
9908
9909
9909
9910
9911
9912
9802
9913
9914
9915
9916
9916
9917
9806
9917
9918
9808
9919
9920
9810
9921
9922
9812
9923
9924
9814
9925
9926
9816
9927
9928
9929
9930
9927
9931
9932
9822
9933
9934
9825
9935
9936
9937
9938
9939
9939
9940
9830
9940
9941
9942
9834
9943
9944
9945
9943
9944
9946
9836
9947
9948
9843
9949
9949
9950
9950
9951
9952
9953
9953
9954
9954
9955
9956
9957
9958
9959
9960
9961
9960
9962
9962
9963
9959
9964
9964
9965
9965
9966
9966
9859
9967
9862
9968
9968
9969
9969
9970
9970
9971
9972
9973
9974
9975
9976
9977
9978
9979
9980
9868
9981
9982
9982
9983
9984
9873
9985
9986
9987
9988
9984
9989
9990
9991
9992
9993
9994
9995
9884
9996
9997
9998
9997
9999
9999
9888
10000
9889
10001
9888
10001
10002
10003
9890
10004
10005
10006
9892
10006
9893
10007
9990
10008
9895
10009
9897
10010
9897
10000
10011
10012
9900
9901
10013
10013
9902
10014
9903
10015
9904
10016
9905
10017
10009
10018
9911
10019
10019
10020
10020
10021
10021
10022
10022
10023
10024
10025
9913
10026
10027
9915
10028
10029
10030
10031
9919
10032
10033
9921
10034
10035
9923
10036
10037
9925
10038
10039
9928
10040
10041
10042
10043
10044
10043
10045
10045
10046
9933
10044
10047
10048
10049
10048
10050
9937
10051
10052
10051
10053
10054
10055
9945
10056
10056
10057
10058
10059
10060
9947
10061
10062
9955
10063
10064
10065
9952
10066
10067
10068
10069
10070
10071
10072
9963
10071
9961
10073
10074
10075
10076
10077
10078
10079
10080
10081
10081
10082
10083
10084
10085
9972
10086
10087
10087
10088
9983
10089
10089
10090
10090
10091
9989
10092
10093
10094
10093
10095
10092
10094
10095
10096
10097
10098
10099
9986
10100
10101
10099
10102
9998
10103
10104
9991
10105
9992
10106
9993
10107
9994
10108
9995
10109
9996
10110
10111
10112
10113
10114
10111
10003
10115
10004
10116
10003
10116
10117
10118
10005
10119
10120
10121
10007
10121
10008
10122
10105
10123
10010
10124
10012
10125
10012
10115
10126
10127
10014
10015
10016
10017
10018
10124
10024
10128
10128
10129
10129
10130
10130
10131
10131
10132
10133
10134
10026
10135
10136
10028
10137
10138
10139
10140
10139
10141
10032
10141
10142
10034
10143
10144
10145
10146
10145
10147
10038
10147
10148
10040
10149
10150
10042
10151
10152
10153
10154
10155
10151
10156
10049
10157
10158
10159
10160
10161
10162
10160
10162
10163
10164
10163
10165
10057
10165
10166
10167
10061
10168
10168
10169
10169
10170
10171
10063
10172
10173
10072
10174
10174
10175
10175
10176
10176
10177
10177
10178
10178
10179
10179
10180
10181
10182
10183
10184
10184
10185
10186
10187
10183
10188
10078
10187
10189
10185
10190
10190
10191
10191
10088
10192
10091
10193
10193
10194
10194
10195
10195
10196
10197
10198
10199
10200
10201
10202
10203
10204
10205
10097
10206
10207
10207
10208
10209
10210
10211
10102
10212
10213
10210
10214
10215
10216
10106
10217
10107
10218
10108
10219
10109
10220
10110
10221
10112
10222
10223
10224
10224
10225
10114
10223
10214
10118
10226
10119
10227
10118
10227
10228
10229
10120
10230
10231
10232
10122
10232
10123
10233
10217
10234
10125
10127
10127
10226
10133
10235
10235
10236
10236
10237
10237
10238
10238
10239
10240
10241
10135
10242
10243
10137
10244
10245
10140
10246
10247
10248
10249
10143
10250
10251
10146
10252
10253
10254
10255
10149
10256
10257
10152
10258
10259
10260
10261
10262
10261
10263
10262
10264
10264
10265
10263
10266
10161
10267
10266
10267
10268
10269
10270
10271
10270
10272
10273
10170
10274
10274
10275
10276
10277
10278
10172
10279
10280
10180
10281
10282
10283
10284
10285
10286
10287
10288
10289
10290
10289
10291
10292
10293
10294
10188
10295
10296
10297
10290
10298
10299
10300
10300
10301
10302
10303
10304
10305
10306
10305
10307
10307
10308
10309
10310
10310
10311
10312
10313
10216
10314
10315
10316
10317
10318
10316
10319
10319
10320
10321
10309
10322
10213
10215
10323
10212
10324
10325
10326
10327
10328
10329
10218
10330
10219
10331
10220
10332
10221
10333
10222
10334
10225
10335
10327
10336
10336
10337
10337
10338
10229
10230
10339
10229
10339
10231
10340
10341
10342
10233
10342
10234
10343
10330
10344
10240
10345
10345
10346
10346
10347
10347
10348
10348
10349
10350
10351
10242
10352
10353
10244
10354
10355
10246
10356
10357
10358
10359
10359
10360
10250
10358
10361
10252
10362
10363
10364
10365
10365
10366
10256
10364
10367
10258
10368
10369
10260
10370
10371
10372
10373
10374
10375
10370
10376
10377
10378
10379
10380
10380
10381
10379
10382
10383
10382
10384
10275
10383
10385
10386
10279
10387
10387
10388
10388
10389
10390
10281
10391
10392
10291
10393
10393
10394
10394
10395
10395
10396
10396
10397
10397
10398
10398
10399
10400
10401
10402
10403
10404
10404
10405
10405
10406
10296
10407
10408
10403
10407
10408
10409
10406
10410
10410
10308
10411
10313
10412
10412
10413
10306
10413
10414
10415
10416
10417
10418
10419
10312
10420
10421
10422
10317
10423
10318
10424
10425
10426
10427
10428
10321
10429
10430
10430
10431
10324
10327
10432
10433
10434
10326
10433
10435
10436
10329
10437
10438
10331
10439
10332
10440
10333
10441
10334
10442
10335
10443
10338
10444
10436
10445
10445
10446
10446
10447
10340
10341
10448
10343
10448
10344
10449
10439
10450
10350
10451
10451
10452
10452
10453
10453
10454
10454
10455
10456
10457
10352
10458
10459
10354
10460
10461
10356
10462
10463
10360
10464
10465
10466
10467
10362
10468
10469
10366
10470
10471
10472
10473
10368
10474
10475
10371
10476
10477
10478
10479
10480
10480
10481
10377
10479
10481
10482
10482
10483
10484
10381
10485
10486
10487
10488
10489
10490
10486
10491
10389
10492
10492
10493
10494
10495
10496
10391
10497
10498
10399
10499
10500
10501
10502
10503
10504
10505
10506
10507
10508
10508
10509
10507
10510
10511
10512
10513
10514
10515
10516
10509
10517
10518
10519
10520
10521
10522
10523
10524
10523
10525
10524
10526
10526
10527
10419
10528
10420
10529
10530
10531
10531
10532
10533
10534
10535
10536
10535
10537
10427
10534
10536
10537
10538
10538
10539
10540
10541
10542
10434
10436
10543
10544
10545
10545
10546
10437
10544
10547
10548
10533
10548
10440
10549
10441
10550
10442
10551
10443
10552
10444
10553
10447
10554
10547
10555
10555
10556
10556
10557
10449
10450
10549
10456
10558
10558
10559
10559
10560
10560
10561
10561
10562
10563
10564
10458
10565
10566
10460
10567
10568
10462
10569
10570
10464
10571
10572
10468
10573
10573
10574
10574
10575
10576
10470
10577
10578
10474
10579
10579
10580
10580
10581
10582
10476
10583
10584
10478
10585
10586
10587
10588
10589
10590
10585
10591
10485
10592
10593
10594
10594
10595
10595
10596
10597
10598
10493
10597
10598
10599
10600
10601
10497
10602
10602
10603
10604
10605
10606
10607
10608
10608
10609
10510
10610
10610
10611
10611
10612
10612
10613
10613
10614
10614
10615
10615
10616
10617
10618
10619
10620
10621
10622
10621
10623
10623
10624
10518
10625
10622
10626
10517
10626
10627
10519
10628
10527
10629
10532
10630
10525
10630
10631
10632
10633
10634
10635
10541
10636
10530
10636
10637
10638
10639
10640
10641
10642
10643
10644
10645
10540
10646
10542
10647
10648
10546
10547
10649
10650
10651
10650
10652
10652
10653
10654
10651
10550
10551
10552
10553
10554
10557
10654
10655
10655
10656
10656
10563
10657
10657
10658
10658
10659
10659
10660
10660
10661
10662
10663
10565
10664
10665
10567
10666
10667
10569
10668
10669
10571
10670
10671
10575
10672
10673
10674
10675
10577
10676
10677
10581
10678
10679
10680
10681
10583
10682
10683
10586
10684
10685
10686
10592
10687
10687
10688
10688
10689
10689
10690
10690
10691
10692
10596
10693
10694
10695
10696
10697
10698
10694
10699
10605
10700
10700
10701
10702
10604
10703
10704
10705
10607
10706
10707
10708
10616
10709
10710
10711
10712
10713
10714
10715
10716
10618
10620
10717
10619
10718
10627
10719
10710
10720
10721
10722
10723
10625
10724
10725
10726
10726
10727
10629
10725
10728
10729
10632
10633
10730
10634
10731
10729
10732
10635
10733
10728
10734
10735
10638
10735
10736
10639
10737
10729
10738
10641
10651
10739
10643
10740
10643
10644
10741
10742
10645
10743
10646
10744
10648
10745
10648
10735
10746
10747
10653
10654
10748
10749
10750
10750
10749
10751
10751
10752
10753
10753
10754
10754
10662
10755
10755
10756
10756
10757
10757
10758
10758
10759
10760
10761
10664
10762
10763
10666
10764
10765
10668
10766
10767
10670
10768
10769
10672
10770
10771
10676
10772
10772
10773
10773
10774
10775
10678
10776
10777
10682
10778
10778
10779
10779
10780
10781
10684
10782
10783
10686
10784
10785
10786
10787
10788
10789
10784
10790
10693
10791
10792
10793
10793
10794
10794
10795
10701
10796
10796
10797
10798
10799
10800
10801
10703
10706
10802
10705
10803
10804
10805
10806
10807
10709
10806
10808
10711
10809
10712
10810
10713
10811
10714
10812
10715
10813
10716
10814
10808
10815
10718
10720
10816
10719
10817
10727
10818
10809
10819
10722
10723
10820
10726
10821
10724
10822
10823
10824
10823
10825
10825
10826
10823
10827
10828
10731
10732
10829
10733
10830
10828
10831
10734
10832
10827
10833
10834
10737
10834
10835
10738
10836
10828
10837
10740
10750
10838
10742
10839
10742
10743
10840
10841
10744
10842
10745
10843
10747
10844
10747
10834
10845
10846
10752
10753
10847
10848
10849
10849
10848
10850
10850
10851
10852
10852
10760
10853
10853
10854
10854
10855
10855
10856
10856
10857
10858
10762
10859
10860
10764
10861
10862
10766
10863
10864
10768
10865
10866
10770
10867
10868
10774
10869
10870
10871
10872
10776
10873
10874
10780
10875
10876
10877
10878
10782
10879
10880
10785
10881
10882
10883
10791
10884
10884
10885
10885
10886
10886
10887
10887
10888
10889
10795
10890
10891
10892
10893
10894
10799
10895
10891
10896
10897
10898
10899
10899
10900
10901
10902
10902
10903
10898
10903
10807
10901
10904
10905
10904
10906
10810
10907
10811
10908
10812
10909
10813
10910
10814
10911
10815
10912
10906
10913
10817
10819
10914
10818
10915
10826
10916
10907
10917
10821
10822
10918
10825
10919
10824
10920
10921
10921
10922
10923
10923
10924
10921
10925
10926
10830
10831
10927
10832
10928
10926
10929
10833
10930
10925
10931
10932
10836
10932
10933
10837
10934
10926
10935
10839
10849
10936
10841
10937
10841
10842
10938
10939
10843
10940
10844
10941
10846
10942
10846
10932
10943
10944
10851
10852
10945
10946
10946
10945
10947
10947
10857
10948
10948
10949
10949
10950
10950
10951
10952
10953
10954
10953
10955
10955
10956
10956
10957
10863
10958
10959
10865
10960
10961
10867
10962
10963
10869
10964
10965
10873
10966
10966
10967
10967
10968
10969
10875
10970
10971
10879
10972
10878
10973
10974
10975
10881
10976
10977
10883
10978
10979
10980
10981
10982
10983
10978
10984
10890
10985
10986
10987
10987
10988
10988
10989
10900
10990
10990
10991
10992
10993
10991
10992
10994
10995
10996
10997
10998
10999
10905
11000
10997
11001
11000
11002
10908
11003
10909
11004
10910
11005
10911
11006
10912
11007
10913
11008
11002
11009
10915
10917
11010
10916
11011
10924
11012
11003
11013
10919
10920
11014
10923
11015
10922
11016
11017
11017
11018
11019
11019
11020
11017
11021
11022
10928
10929
11023
10930
11024
11022
11025
10931
11026
11021
11027
11028
10934
11028
11029
10935
11030
11022
11031
10937
10946
11032
10939
11033
10939
10940
11034
11035
10941
11036
10942
11037
10944
11038
10944
11028
11039
11040
11041
11042
11042
11041
10951
11043
11043
11044
11044
11045
11046
10954
11047
11048
11049
11050
11051
10958
11052
11053
10960
11054
11055
10962
11056
11057
10964
11058
11059
10968
11060
11061
11062
11063
10970
11064
11065
10974
11066
10973
11067
11068
11069
10976
11070
11071
10979
11072
11073
11074
10985
11075
11075
11076
11076
11077
11077
11078
11078
11079
11080
10989
11081
11082
11083
11084
11085
11086
11087
11082
11088
10995
10999
11089
10996
11090
11085
11091
10998
11092
10999
11093
11094
11001
11095
11092
11096
11095
11097
11004
11098
11005
11099
11006
11100
11007
11101
11008
11102
11009
11103
11097
11104
11011
11013
11105
11012
11106
11020
11107
11098
11108
11015
11016
11109
11019
11110
11018
11111
11112
11112
11113
11114
11114
11115
11112
11116
11117
11024
11025
11118
11026
11119
11117
11120
11027
11121
11116
11122
11123
11030
11123
11124
11031
11125
11117
11126
11033
11042
11127
11035
11128
11035
11036
11129
11130
11037
11131
11038
11132
11040
11133
11040
11123
11134
11135
11136
11136
11045
11137
11137
11138
11139
11047
11140
11141
11049
11142
11143
11051
11142
11144
11144
11145
11054
11146
11147
11056
11148
11149
11058
11150
11151
11060
11152
11153
11064
11154
11154
11155
11155
11156
11157
11158
11159
11159
11160
11070
11161
11161
11162
11160
11162
11163
11072
11164
11165
11074
11166
11167
11168
11169
11170
11171
11172
11173
11081
11174
11175
11176
11176
11177
11177
11178
11086
11179
11087
11180
11088
11181
11182
11183
11090
11094
11184
11091
11185
11179
11186
11093
11187
11094
11188
11189
11096
11190
11187
11191
11190
11192
11099
11193
11100
11194
11101
11195
11102
11196
11103
11197
11104
11198
11192
11199
11106
11108
11107
11115
11193
11110
11111
11200
11114
11201
11113
11202
11203
11203
11204
11205
11205
11203
11206
11207
11119
11120
11121
11207
11122
11206
11208
11125
11208
11126
11207
11128
11136
11130
11130
11131
11132
11133
11135
11135
11208
11138
11209
11140
11210
11211
11143
11212
11213
11214
11215
11146
11216
11217
11148
11218
11219
11150
11220
11221
11152
11222
11223
11156
11224
11225
11226
11227
11158
11228
11229
11230
11231
11232
11233
11164
11234
11235
11167
11236
11172
11237
11238
11174
11239
11239
11240
11240
11241
11173
11241
11242
11243
11244
11178
11245
11183
11246
11247
11180
11248
11181
11249
11182
11250
11251
11252
11246
11252
11185
11189
11253
11186
11254
11248
11255
11188
11256
11189
11257
11258
11191
11259
11256
11260
11259
11261
11194
11195
11196
11197
11198
11199
11261
11201
11202
11205
11204
11262
11262
11262
11263
11263
11264
11212
11265
11266
11215
11267
11267
11268
11269
11269
11270
11218
11271
11272
11220
11273
11274
11222
11275
11276
11224
11277
11278
11228
11279
11279
11280
11280
11281
11282
11283
11284
11284
11285
11285
11286
11234
11287
11286
11287
11288
11236
11289
11290
11238
11291
11292
11293
11294
11295
11296
11297
11297
11298
11245
11299
11300
11247
11301
11300
11302
11249
11303
11250
11304
11251
11305
11306
11307
11301
11307
11254
11258
11308
11255
11309
11303
11310
11257
11311
11258
11312
11313
11260
11314
11311
11315
11314
11316
11316
11317
11317
11318
11268
11319
11320
11321
11322
11271
11323
11324
11273
11325
11326
11275
11327
11328
11277
11329
11330
11281
11331
11332
11333
11334
11283
11335
11336
11337
11338
11339
11340
11289
11341
11342
11292
11343
11296
11344
11345
11299
11346
11346
11347
11298
11347
11348
11349
11350
11351
11351
11352
11302
11353
11352
11354
11304
11355
11305
11356
11306
11357
11358
11359
11353
11359
11309
11313
11360
11310
11361
11355
11362
11312
11363
11313
11364
11365
11315
11363
11366
11367
11319
11368
11369
11322
11370
11370
11371
11372
11372
11373
11325
11374
11375
11327
11376
11377
11329
11378
11379
11331
11380
11381
11335
11382
11382
11383
11383
11384
11385
11386
11387
11386
11388
11388
11389
11389
11390
11341
11390
11391
11343
11392
11393
11345
11394
11395
11396
11397
11349
11394
11398
11350
11399
11397
11400
11396
11401
11401
11402
11354
11403
11402
11404
11356
11405
11357
11406
11358
11407
11408
11409
11403
11409
11361
11365
11362
11405
11364
11365
11367
11410
11410
11411
11371
11412
11413
11414
11415
11374
11416
11417
11376
11418
11419
11378
11420
11421
11380
11422
11423
11384
11424
11425
11426
11427
11387
11428
11429
11430
11431
11432
11433
11392
11434
11435
11395
11436
11437
11438
11437
11397
11439
11440
11399
11438
11441
11400
11442
11440
11443
11439
11444
11444
11445
11404
11446
11445
11447
11406
11407
11408
11448
11446
11448
11449
11450
11451
11450
11452
11415
11453
11453
11454
11455
11455
11456
11418
11457
11458
11420
11459
11460
11422
11461
11462
11424
11463
11464
11428
11465
11465
11466
11466
11467
11468
11469
11470
11469
11471
11470
11472
11472
11473
11434
11473
11474
11436
11475
11476
11476
11477
11477
11478
11440
11479
11480
11442
11478
11481
11443
11482
11480
11483
11479
11484
11484
11485
11447
11486
11485
11487
11486
11451
11488
11489
11454
11490
11491
11492
11493
11457
11494
11495
11459
11496
11497
11461
11498
11499
11463
11500
11501
11467
11502
11503
11504
11505
11471
11506
11507
11508
11509
11510
11511
11475
11512
11513
11513
11514
11514
11515
11515
11516
11480
11517
11518
11482
11516
11519
11483
11520
11518
11521
11517
11522
11522
11523
11487
11523
11490
11524
11524
11525
11493
11526
11526
11527
11528
11528
11529
11496
11530
11531
11498
11532
11533
11500
11534
11535
11502
11536
11537
11506
11538
11538
11539
11539
11540
11541
11542
11543
11543
11544
11542
11545
11544
11546
11512
11546
11547
11547
11548
11548
11549
11549
11550
11550
11551
11518
11552
11553
11520
11551
11554
11521
11555
11553
11556
11552
11557
11557
11558
11559
11560
11561
11559
11562
11563
11530
11564
11565
11532
11566
11567
11534
11568
11569
11536
11570
11571
11540
11572
11573
11574
11575
11545
11576
11577
11578
11579
11580
11581
11581
11582
11582
11583
11583
11584
11584
11585
11585
11586
11553
11587
11588
11555
11586
11556
11588
11587
11560
11589
11590
11563
11591
11591
11592
11593
11593
11594
11566
11595
11596
11568
11597
11598
11570
11599
11600
11572
11601
11602
11576
11603
11603
11604
11604
11605
11606
11578
11580
11607
11579
11608
11581
11609
11606
11610
11611
11611
11612
11612
11613
11613
11614
11614
11615
11615
11588
11592
11616
11616
11617
11618
11619
11595
11620
11621
11597
11622
11623
11599
11624
11625
11601
11626
11627
11605
11628
11629
11630
11631
11629
11632
11608
11610
11633
11609
11634
11611
11635
11632
11636
11637
11637
11638
11638
11639
11639
11640
11640
11641
11619
11642
11642
11643
11644
11644
11645
11622
11646
11647
11624
11648
11649
11626
11650
11651
11628
11652
11653
11630
11654
11631
11655
11653
11656
11654
11657
11634
11636
11658
11635
11659
11637
11660
11657
11661
11662
11662
11663
11663
11664
11664
11665
11666
11665
11667
11668
11646
11669
11670
11648
11671
11672
11650
11673
11674
11652
11675
11676
11676
11677
11655
11678
11656
11679
11677
11680
11678
11681
11659
11661
11682
11660
11683
11662
11684
11681
11685
11686
11686
11687
11687
11688
11668
11689
11689
11690
11691
11691
11692
11671
11693
11694
11673
11695
11696
11675
11697
11698
11698
11699
11699
11700
11679
11701
11680
11702
11700
11703
11701
11704
11683
11685
11705
11684
11706
11686
11707
11704
11708
11709
11709
11690
11710
11711
11712
11693
11713
11714
11695
11715
11716
11697
11717
11718
11718
11719
11719
11720
11720
11721
11702
11722
11703
11723
11721
11724
11722
11725
11706
11708
11707
11709
11725
11712
11726
11727
11728
11728
11729
11715
11730
11731
11717
11732
11733
11733
11734
11734
11735
11735
11736
11736
11737
11723
11738
11724
11739
11737
11740
11738
11727
11741
11742
11741
11730
11743
11744
11732
11745
11746
11746
11747
11747
11748
11748
11749
11749
11750
11750
11751
11739
11740
11751
11752
11753
11754
11755
11745
11756
11757
11757
11758
11758
11759
11759
11760
11760
11761
11761
11762
11762
11753
11754
11763
11764
11756
11765
11766
11766
11767
11767
11768
11768
11769
11769
11770
11770
11771
11771
11772
11772
11773
11773
11774
11774
11775
11775
11776
11776
11777
11777
11778
11778
11779
11779
11780
11780
11781
11782
11781
11783
11783
11784
11784
11785
11785
11786
11786
11787
11788
11789
11787
11789
11788
11790
11790
11791
11791
11792
11792
11793
11794
11794
11793
11795
11795
11796
11796
11797
11798
11798
11797
11799
11799
11800
11801
11801
11800
11802
11802
)


// ************************************************************************* //
