/*--------------------------------*- C++ -*----------------------------------*\
| =========                 |                                                 |
| \\      /  F ield         | OpenFOAM: The Open Source CFD Toolbox           |
|  \\    /   O peration     | Version:  v1706                                 |
|   \\  /    A nd           | Web:      www.OpenFOAM.com                      |
|    \\/     M anipulation  |                                                 |
\*---------------------------------------------------------------------------*/
FoamFile
{
    version     2.0;
    format      ascii;
    class       vectorField;
    location    "constant/polyMesh";
    object      points;
}
// * * * * * * * * * * * * * * * * * * * * * * * * * * * * * * * * * * * * * //


1604
(
(0 0 0)
(0.0003175 0 0)
(0.000635 0 0)
(0.0009525 0 0)
(0.00127 0 0)
(0.0015875 0 0)
(0.001905 0 0)
(0.0022225 0 0)
(0.00254 0 0)
(0.0028575 0 0)
(0.003175 0 0)
(0.0034925 0 0)
(0.00381 0 0)
(0.0041275 0 0)
(0.004445 0 0)
(0.0047625 0 0)
(0.00508 0 0)
(0.0053975 0 0)
(0.005715 0 0)
(0.0060325 0 0)
(0.00635 0 0)
(0.0066675 0 0)
(0.006985 0 0)
(0.0073025 0 0)
(0.00762 0 0)
(0.0079375 0 0)
(0.008255 0 0)
(0.0085725 0 0)
(0.00889 0 0)
(0.0092075 0 0)
(0.009525 0 0)
(0.0098425 0 0)
(0.01016 0 0)
(0.0104775 0 0)
(0.010795 0 0)
(0.0111125 0 0)
(0.01143 0 0)
(0.0117475 0 0)
(0.012065 0 0)
(0.0123825 0 0)
(0.0127 0 0)
(0.0130175 0 0)
(0.013335 0 0)
(0.0136525 0 0)
(0.01397 0 0)
(0.0142875 0 0)
(0.014605 0 0)
(0.0149225 0 0)
(0.01524 0 0)
(0.0155575 0 0)
(0.015875 0 0)
(0.0161925 0 0)
(0.01651 0 0)
(0.0168275 0 0)
(0.017145 0 0)
(0.0174625 0 0)
(0.01778 0 0)
(0.0180975 0 0)
(0.018415 0 0)
(0.0187325 0 0)
(0.01905 0 0)
(0.0193675 0 0)
(0.019685 0 0)
(0.0200025 0 0)
(0.02032 0 0)
(0.0206375 0 0)
(0.020955 0 0)
(0.0212725 0 0)
(0.02159 0 0)
(0.0219075 0 0)
(0.022225 0 0)
(0.0225425 0 0)
(0.02286 0 0)
(0.0231775 0 0)
(0.023495 0 0)
(0.0238125 0 0)
(0.02413 0 0)
(0.0244475 0 0)
(0.024765 0 0)
(0.0250825 0 0)
(0.0254 0 0)
(0.0257175 0 0)
(0.026035 0 0)
(0.0263525 0 0)
(0.02667 0 0)
(0.0269875 0 0)
(0.027305 0 0)
(0.0276225 0 0)
(0.02794 0 0)
(0.0282575 0 0)
(0.028575 0 0)
(0.0288925 0 0)
(0.02921 0 0)
(0.0295275 0 0)
(0.029845 0 0)
(0.0301625 0 0)
(0.03048 0 0)
(0.0307975 0 0)
(0.031115 0 0)
(0.0314325 0 0)
(0.03175 0 0)
(0.0320675 0 0)
(0.032385 0 0)
(0.0327025 0 0)
(0.03302 0 0)
(0.0333375 0 0)
(0.033655 0 0)
(0.0339725 0 0)
(0.03429 0 0)
(0.0346075 0 0)
(0.034925 0 0)
(0.0352425 0 0)
(0.03556 0 0)
(0.0358775 0 0)
(0.036195 0 0)
(0.0365125 0 0)
(0.03683 0 0)
(0.0371475 0 0)
(0.037465 0 0)
(0.0377825 0 0)
(0.0381 0 0)
(0.0384175 0 0)
(0.038735 0 0)
(0.0390525 0 0)
(0.03937 0 0)
(0.0396875 0 0)
(0.040005 0 0)
(0.0403225 0 0)
(0.04064 0 0)
(0.0409575 0 0)
(0.041275 0 0)
(0.0415925 0 0)
(0.04191 0 0)
(0.0422275 0 0)
(0.042545 0 0)
(0.0428625 0 0)
(0.04318 0 0)
(0.0434975 0 0)
(0.043815 0 0)
(0.0441325 0 0)
(0.04445 0 0)
(0.0447675 0 0)
(0.045085 0 0)
(0.0454025 0 0)
(0.04572 0 0)
(0.0460375 0 0)
(0.046355 0 0)
(0.0466725 0 0)
(0.04699 0 0)
(0.0473075 0 0)
(0.047625 0 0)
(0.0479425 0 0)
(0.04826 0 0)
(0.0485775 0 0)
(0.048895 0 0)
(0.0492125 0 0)
(0.04953 0 0)
(0.0498475 0 0)
(0.050165 0 0)
(0.0504825 0 0)
(0.0508 0 0)
(0.0511175 0 0)
(0.051435 0 0)
(0.0517525 0 0)
(0.05207 0 0)
(0.0523875 0 0)
(0.052705 0 0)
(0.0530225 0 0)
(0.05334 0 0)
(0.0536575 0 0)
(0.053975 0 0)
(0.0542925 0 0)
(0.05461 0 0)
(0.0549275 0 0)
(0.055245 0 0)
(0.0555625 0 0)
(0.05588 0 0)
(0.0561975 0 0)
(0.056515 0 0)
(0.0568325 0 0)
(0.05715 0 0)
(0.0574675 0 0)
(0.057785 0 0)
(0.0581025 0 0)
(0.05842 0 0)
(0.0587375 0 0)
(0.059055 0 0)
(0.0593725 0 0)
(0.05969 0 0)
(0.0600075 0 0)
(0.060325 0 0)
(0.0606425 0 0)
(0.06096 0 0)
(0.0612775 0 0)
(0.061595 0 0)
(0.0619125 0 0)
(0.06223 0 0)
(0.0625475 0 0)
(0.062865 0 0)
(0.0631825 0 0)
(0.0635 0 0)
(0.0638175 0 0)
(0.064135 0 0)
(0.0644525 0 0)
(0.06477 0 0)
(0.0650875 0 0)
(0.065405 0 0)
(0.0657225 0 0)
(0.06604 0 0)
(0.0663575 0 0)
(0.066675 0 0)
(0.0669925 0 0)
(0.06731 0 0)
(0.0676275 0 0)
(0.067945 0 0)
(0.0682625 0 0)
(0.06858 0 0)
(0.0688975 0 0)
(0.069215 0 0)
(0.0695325 0 0)
(0.06985 0 0)
(0.0701675 0 0)
(0.070485 0 0)
(0.0708025 0 0)
(0.07112 0 0)
(0.0714375 0 0)
(0.071755 0 0)
(0.0720725 0 0)
(0.07239 0 0)
(0.0727075 0 0)
(0.073025 0 0)
(0.0733425 0 0)
(0.07366 0 0)
(0.0739775 0 0)
(0.074295 0 0)
(0.0746125 0 0)
(0.07493 0 0)
(0.0752475 0 0)
(0.075565 0 0)
(0.0758825 0 0)
(0.0762 0 0)
(0.0765175 0 0)
(0.076835 0 0)
(0.0771525 0 0)
(0.07747 0 0)
(0.0777875 0 0)
(0.078105 0 0)
(0.0784225 0 0)
(0.07874 0 0)
(0.0790575 0 0)
(0.079375 0 0)
(0.0796925 0 0)
(0.08001 0 0)
(0.0803275 0 0)
(0.080645 0 0)
(0.0809625 0 0)
(0.08128 0 0)
(0.0815975 0 0)
(0.081915 0 0)
(0.0822325 0 0)
(0.08255 0 0)
(0.0828675 0 0)
(0.083185 0 0)
(0.0835025 0 0)
(0.08382 0 0)
(0.0841375 0 0)
(0.084455 0 0)
(0.0847725 0 0)
(0.08509 0 0)
(0.0854075 0 0)
(0.085725 0 0)
(0.0860425 0 0)
(0.08636 0 0)
(0.0866775 0 0)
(0.086995 0 0)
(0.0873125 0 0)
(0.08763 0 0)
(0.0879475 0 0)
(0.088265 0 0)
(0.0885825 0 0)
(0.0889 0 0)
(0.0892175 0 0)
(0.089535 0 0)
(0.0898525 0 0)
(0.09017 0 0)
(0.0904875 0 0)
(0.090805 0 0)
(0.0911225 0 0)
(0.09144 0 0)
(0.0917575 0 0)
(0.092075 0 0)
(0.0923925 0 0)
(0.09271 0 0)
(0.0930275 0 0)
(0.093345 0 0)
(0.0936625 0 0)
(0.09398 0 0)
(0.0942975 0 0)
(0.094615 0 0)
(0.0949325 0 0)
(0.09525 0 0)
(0.0955675 0 0)
(0.095885 0 0)
(0.0962025 0 0)
(0.09652 0 0)
(0.0968375 0 0)
(0.097155 0 0)
(0.0974725 0 0)
(0.09779 0 0)
(0.0981075 0 0)
(0.098425 0 0)
(0.0987425 0 0)
(0.09906 0 0)
(0.0993775 0 0)
(0.099695 0 0)
(0.100013 0 0)
(0.10033 0 0)
(0.100648 0 0)
(0.100965 0 0)
(0.101282 0 0)
(0.1016 0 0)
(0.101917 0 0)
(0.102235 0 0)
(0.102553 0 0)
(0.10287 0 0)
(0.103188 0 0)
(0.103505 0 0)
(0.103822 0 0)
(0.10414 0 0)
(0.104457 0 0)
(0.104775 0 0)
(0.105093 0 0)
(0.10541 0 0)
(0.105728 0 0)
(0.106045 0 0)
(0.106362 0 0)
(0.10668 0 0)
(0.106997 0 0)
(0.107315 0 0)
(0.107633 0 0)
(0.10795 0 0)
(0.108268 0 0)
(0.108585 0 0)
(0.108902 0 0)
(0.10922 0 0)
(0.109537 0 0)
(0.109855 0 0)
(0.110173 0 0)
(0.11049 0 0)
(0.110808 0 0)
(0.111125 0 0)
(0.111442 0 0)
(0.11176 0 0)
(0.112077 0 0)
(0.112395 0 0)
(0.112712 0 0)
(0.11303 0 0)
(0.113348 0 0)
(0.113665 0 0)
(0.113983 0 0)
(0.1143 0 0)
(0.114617 0 0)
(0.114935 0 0)
(0.115252 0 0)
(0.11557 0 0)
(0.115888 0 0)
(0.116205 0 0)
(0.116523 0 0)
(0.11684 0 0)
(0.117157 0 0)
(0.117475 0 0)
(0.117792 0 0)
(0.11811 0 0)
(0.118428 0 0)
(0.118745 0 0)
(0.119063 0 0)
(0.11938 0 0)
(0.119697 0 0)
(0.120015 0 0)
(0.120332 0 0)
(0.12065 0 0)
(0.120968 0 0)
(0.121285 0 0)
(0.121603 0 0)
(0.12192 0 0)
(0.122237 0 0)
(0.122555 0 0)
(0.122872 0 0)
(0.12319 0 0)
(0.123508 0 0)
(0.123825 0 0)
(0.124143 0 0)
(0.12446 0 0)
(0.124777 0 0)
(0.125095 0 0)
(0.125413 0 0)
(0.12573 0 0)
(0.126048 0 0)
(0.126365 0 0)
(0.126683 0 0)
(0.127 0 0)
(0 0.025 0)
(0.0003175 0.025 0)
(0.000635 0.025 0)
(0.0009525 0.025 0)
(0.00127 0.025 0)
(0.0015875 0.025 0)
(0.001905 0.025 0)
(0.0022225 0.025 0)
(0.00254 0.025 0)
(0.0028575 0.025 0)
(0.003175 0.025 0)
(0.0034925 0.025 0)
(0.00381 0.025 0)
(0.0041275 0.025 0)
(0.004445 0.025 0)
(0.0047625 0.025 0)
(0.00508 0.025 0)
(0.0053975 0.025 0)
(0.005715 0.025 0)
(0.0060325 0.025 0)
(0.00635 0.025 0)
(0.0066675 0.025 0)
(0.006985 0.025 0)
(0.0073025 0.025 0)
(0.00762 0.025 0)
(0.0079375 0.025 0)
(0.008255 0.025 0)
(0.0085725 0.025 0)
(0.00889 0.025 0)
(0.0092075 0.025 0)
(0.009525 0.025 0)
(0.0098425 0.025 0)
(0.01016 0.025 0)
(0.0104775 0.025 0)
(0.010795 0.025 0)
(0.0111125 0.025 0)
(0.01143 0.025 0)
(0.0117475 0.025 0)
(0.012065 0.025 0)
(0.0123825 0.025 0)
(0.0127 0.025 0)
(0.0130175 0.025 0)
(0.013335 0.025 0)
(0.0136525 0.025 0)
(0.01397 0.025 0)
(0.0142875 0.025 0)
(0.014605 0.025 0)
(0.0149225 0.025 0)
(0.01524 0.025 0)
(0.0155575 0.025 0)
(0.015875 0.025 0)
(0.0161925 0.025 0)
(0.01651 0.025 0)
(0.0168275 0.025 0)
(0.017145 0.025 0)
(0.0174625 0.025 0)
(0.01778 0.025 0)
(0.0180975 0.025 0)
(0.018415 0.025 0)
(0.0187325 0.025 0)
(0.01905 0.025 0)
(0.0193675 0.025 0)
(0.019685 0.025 0)
(0.0200025 0.025 0)
(0.02032 0.025 0)
(0.0206375 0.025 0)
(0.020955 0.025 0)
(0.0212725 0.025 0)
(0.02159 0.025 0)
(0.0219075 0.025 0)
(0.022225 0.025 0)
(0.0225425 0.025 0)
(0.02286 0.025 0)
(0.0231775 0.025 0)
(0.023495 0.025 0)
(0.0238125 0.025 0)
(0.02413 0.025 0)
(0.0244475 0.025 0)
(0.024765 0.025 0)
(0.0250825 0.025 0)
(0.0254 0.025 0)
(0.0257175 0.025 0)
(0.026035 0.025 0)
(0.0263525 0.025 0)
(0.02667 0.025 0)
(0.0269875 0.025 0)
(0.027305 0.025 0)
(0.0276225 0.025 0)
(0.02794 0.025 0)
(0.0282575 0.025 0)
(0.028575 0.025 0)
(0.0288925 0.025 0)
(0.02921 0.025 0)
(0.0295275 0.025 0)
(0.029845 0.025 0)
(0.0301625 0.025 0)
(0.03048 0.025 0)
(0.0307975 0.025 0)
(0.031115 0.025 0)
(0.0314325 0.025 0)
(0.03175 0.025 0)
(0.0320675 0.025 0)
(0.032385 0.025 0)
(0.0327025 0.025 0)
(0.03302 0.025 0)
(0.0333375 0.025 0)
(0.033655 0.025 0)
(0.0339725 0.025 0)
(0.03429 0.025 0)
(0.0346075 0.025 0)
(0.034925 0.025 0)
(0.0352425 0.025 0)
(0.03556 0.025 0)
(0.0358775 0.025 0)
(0.036195 0.025 0)
(0.0365125 0.025 0)
(0.03683 0.025 0)
(0.0371475 0.025 0)
(0.037465 0.025 0)
(0.0377825 0.025 0)
(0.0381 0.025 0)
(0.0384175 0.025 0)
(0.038735 0.025 0)
(0.0390525 0.025 0)
(0.03937 0.025 0)
(0.0396875 0.025 0)
(0.040005 0.025 0)
(0.0403225 0.025 0)
(0.04064 0.025 0)
(0.0409575 0.025 0)
(0.041275 0.025 0)
(0.0415925 0.025 0)
(0.04191 0.025 0)
(0.0422275 0.025 0)
(0.042545 0.025 0)
(0.0428625 0.025 0)
(0.04318 0.025 0)
(0.0434975 0.025 0)
(0.043815 0.025 0)
(0.0441325 0.025 0)
(0.04445 0.025 0)
(0.0447675 0.025 0)
(0.045085 0.025 0)
(0.0454025 0.025 0)
(0.04572 0.025 0)
(0.0460375 0.025 0)
(0.046355 0.025 0)
(0.0466725 0.025 0)
(0.04699 0.025 0)
(0.0473075 0.025 0)
(0.047625 0.025 0)
(0.0479425 0.025 0)
(0.04826 0.025 0)
(0.0485775 0.025 0)
(0.048895 0.025 0)
(0.0492125 0.025 0)
(0.04953 0.025 0)
(0.0498475 0.025 0)
(0.050165 0.025 0)
(0.0504825 0.025 0)
(0.0508 0.025 0)
(0.0511175 0.025 0)
(0.051435 0.025 0)
(0.0517525 0.025 0)
(0.05207 0.025 0)
(0.0523875 0.025 0)
(0.052705 0.025 0)
(0.0530225 0.025 0)
(0.05334 0.025 0)
(0.0536575 0.025 0)
(0.053975 0.025 0)
(0.0542925 0.025 0)
(0.05461 0.025 0)
(0.0549275 0.025 0)
(0.055245 0.025 0)
(0.0555625 0.025 0)
(0.05588 0.025 0)
(0.0561975 0.025 0)
(0.056515 0.025 0)
(0.0568325 0.025 0)
(0.05715 0.025 0)
(0.0574675 0.025 0)
(0.057785 0.025 0)
(0.0581025 0.025 0)
(0.05842 0.025 0)
(0.0587375 0.025 0)
(0.059055 0.025 0)
(0.0593725 0.025 0)
(0.05969 0.025 0)
(0.0600075 0.025 0)
(0.060325 0.025 0)
(0.0606425 0.025 0)
(0.06096 0.025 0)
(0.0612775 0.025 0)
(0.061595 0.025 0)
(0.0619125 0.025 0)
(0.06223 0.025 0)
(0.0625475 0.025 0)
(0.062865 0.025 0)
(0.0631825 0.025 0)
(0.0635 0.025 0)
(0.0638175 0.025 0)
(0.064135 0.025 0)
(0.0644525 0.025 0)
(0.06477 0.025 0)
(0.0650875 0.025 0)
(0.065405 0.025 0)
(0.0657225 0.025 0)
(0.06604 0.025 0)
(0.0663575 0.025 0)
(0.066675 0.025 0)
(0.0669925 0.025 0)
(0.06731 0.025 0)
(0.0676275 0.025 0)
(0.067945 0.025 0)
(0.0682625 0.025 0)
(0.06858 0.025 0)
(0.0688975 0.025 0)
(0.069215 0.025 0)
(0.0695325 0.025 0)
(0.06985 0.025 0)
(0.0701675 0.025 0)
(0.070485 0.025 0)
(0.0708025 0.025 0)
(0.07112 0.025 0)
(0.0714375 0.025 0)
(0.071755 0.025 0)
(0.0720725 0.025 0)
(0.07239 0.025 0)
(0.0727075 0.025 0)
(0.073025 0.025 0)
(0.0733425 0.025 0)
(0.07366 0.025 0)
(0.0739775 0.025 0)
(0.074295 0.025 0)
(0.0746125 0.025 0)
(0.07493 0.025 0)
(0.0752475 0.025 0)
(0.075565 0.025 0)
(0.0758825 0.025 0)
(0.0762 0.025 0)
(0.0765175 0.025 0)
(0.076835 0.025 0)
(0.0771525 0.025 0)
(0.07747 0.025 0)
(0.0777875 0.025 0)
(0.078105 0.025 0)
(0.0784225 0.025 0)
(0.07874 0.025 0)
(0.0790575 0.025 0)
(0.079375 0.025 0)
(0.0796925 0.025 0)
(0.08001 0.025 0)
(0.0803275 0.025 0)
(0.080645 0.025 0)
(0.0809625 0.025 0)
(0.08128 0.025 0)
(0.0815975 0.025 0)
(0.081915 0.025 0)
(0.0822325 0.025 0)
(0.08255 0.025 0)
(0.0828675 0.025 0)
(0.083185 0.025 0)
(0.0835025 0.025 0)
(0.08382 0.025 0)
(0.0841375 0.025 0)
(0.084455 0.025 0)
(0.0847725 0.025 0)
(0.08509 0.025 0)
(0.0854075 0.025 0)
(0.085725 0.025 0)
(0.0860425 0.025 0)
(0.08636 0.025 0)
(0.0866775 0.025 0)
(0.086995 0.025 0)
(0.0873125 0.025 0)
(0.08763 0.025 0)
(0.0879475 0.025 0)
(0.088265 0.025 0)
(0.0885825 0.025 0)
(0.0889 0.025 0)
(0.0892175 0.025 0)
(0.089535 0.025 0)
(0.0898525 0.025 0)
(0.09017 0.025 0)
(0.0904875 0.025 0)
(0.090805 0.025 0)
(0.0911225 0.025 0)
(0.09144 0.025 0)
(0.0917575 0.025 0)
(0.092075 0.025 0)
(0.0923925 0.025 0)
(0.09271 0.025 0)
(0.0930275 0.025 0)
(0.093345 0.025 0)
(0.0936625 0.025 0)
(0.09398 0.025 0)
(0.0942975 0.025 0)
(0.094615 0.025 0)
(0.0949325 0.025 0)
(0.09525 0.025 0)
(0.0955675 0.025 0)
(0.095885 0.025 0)
(0.0962025 0.025 0)
(0.09652 0.025 0)
(0.0968375 0.025 0)
(0.097155 0.025 0)
(0.0974725 0.025 0)
(0.09779 0.025 0)
(0.0981075 0.025 0)
(0.098425 0.025 0)
(0.0987425 0.025 0)
(0.09906 0.025 0)
(0.0993775 0.025 0)
(0.099695 0.025 0)
(0.100013 0.025 0)
(0.10033 0.025 0)
(0.100648 0.025 0)
(0.100965 0.025 0)
(0.101282 0.025 0)
(0.1016 0.025 0)
(0.101917 0.025 0)
(0.102235 0.025 0)
(0.102553 0.025 0)
(0.10287 0.025 0)
(0.103188 0.025 0)
(0.103505 0.025 0)
(0.103822 0.025 0)
(0.10414 0.025 0)
(0.104457 0.025 0)
(0.104775 0.025 0)
(0.105093 0.025 0)
(0.10541 0.025 0)
(0.105728 0.025 0)
(0.106045 0.025 0)
(0.106362 0.025 0)
(0.10668 0.025 0)
(0.106997 0.025 0)
(0.107315 0.025 0)
(0.107633 0.025 0)
(0.10795 0.025 0)
(0.108268 0.025 0)
(0.108585 0.025 0)
(0.108902 0.025 0)
(0.10922 0.025 0)
(0.109537 0.025 0)
(0.109855 0.025 0)
(0.110173 0.025 0)
(0.11049 0.025 0)
(0.110808 0.025 0)
(0.111125 0.025 0)
(0.111442 0.025 0)
(0.11176 0.025 0)
(0.112077 0.025 0)
(0.112395 0.025 0)
(0.112712 0.025 0)
(0.11303 0.025 0)
(0.113348 0.025 0)
(0.113665 0.025 0)
(0.113983 0.025 0)
(0.1143 0.025 0)
(0.114617 0.025 0)
(0.114935 0.025 0)
(0.115252 0.025 0)
(0.11557 0.025 0)
(0.115888 0.025 0)
(0.116205 0.025 0)
(0.116523 0.025 0)
(0.11684 0.025 0)
(0.117157 0.025 0)
(0.117475 0.025 0)
(0.117792 0.025 0)
(0.11811 0.025 0)
(0.118428 0.025 0)
(0.118745 0.025 0)
(0.119063 0.025 0)
(0.11938 0.025 0)
(0.119697 0.025 0)
(0.120015 0.025 0)
(0.120332 0.025 0)
(0.12065 0.025 0)
(0.120968 0.025 0)
(0.121285 0.025 0)
(0.121603 0.025 0)
(0.12192 0.025 0)
(0.122237 0.025 0)
(0.122555 0.025 0)
(0.122872 0.025 0)
(0.12319 0.025 0)
(0.123508 0.025 0)
(0.123825 0.025 0)
(0.124143 0.025 0)
(0.12446 0.025 0)
(0.124777 0.025 0)
(0.125095 0.025 0)
(0.125413 0.025 0)
(0.12573 0.025 0)
(0.126048 0.025 0)
(0.126365 0.025 0)
(0.126683 0.025 0)
(0.127 0.025 0)
(0 0 0.001)
(0.0003175 0 0.001)
(0.000635 0 0.001)
(0.0009525 0 0.001)
(0.00127 0 0.001)
(0.0015875 0 0.001)
(0.001905 0 0.001)
(0.0022225 0 0.001)
(0.00254 0 0.001)
(0.0028575 0 0.001)
(0.003175 0 0.001)
(0.0034925 0 0.001)
(0.00381 0 0.001)
(0.0041275 0 0.001)
(0.004445 0 0.001)
(0.0047625 0 0.001)
(0.00508 0 0.001)
(0.0053975 0 0.001)
(0.005715 0 0.001)
(0.0060325 0 0.001)
(0.00635 0 0.001)
(0.0066675 0 0.001)
(0.006985 0 0.001)
(0.0073025 0 0.001)
(0.00762 0 0.001)
(0.0079375 0 0.001)
(0.008255 0 0.001)
(0.0085725 0 0.001)
(0.00889 0 0.001)
(0.0092075 0 0.001)
(0.009525 0 0.001)
(0.0098425 0 0.001)
(0.01016 0 0.001)
(0.0104775 0 0.001)
(0.010795 0 0.001)
(0.0111125 0 0.001)
(0.01143 0 0.001)
(0.0117475 0 0.001)
(0.012065 0 0.001)
(0.0123825 0 0.001)
(0.0127 0 0.001)
(0.0130175 0 0.001)
(0.013335 0 0.001)
(0.0136525 0 0.001)
(0.01397 0 0.001)
(0.0142875 0 0.001)
(0.014605 0 0.001)
(0.0149225 0 0.001)
(0.01524 0 0.001)
(0.0155575 0 0.001)
(0.015875 0 0.001)
(0.0161925 0 0.001)
(0.01651 0 0.001)
(0.0168275 0 0.001)
(0.017145 0 0.001)
(0.0174625 0 0.001)
(0.01778 0 0.001)
(0.0180975 0 0.001)
(0.018415 0 0.001)
(0.0187325 0 0.001)
(0.01905 0 0.001)
(0.0193675 0 0.001)
(0.019685 0 0.001)
(0.0200025 0 0.001)
(0.02032 0 0.001)
(0.0206375 0 0.001)
(0.020955 0 0.001)
(0.0212725 0 0.001)
(0.02159 0 0.001)
(0.0219075 0 0.001)
(0.022225 0 0.001)
(0.0225425 0 0.001)
(0.02286 0 0.001)
(0.0231775 0 0.001)
(0.023495 0 0.001)
(0.0238125 0 0.001)
(0.02413 0 0.001)
(0.0244475 0 0.001)
(0.024765 0 0.001)
(0.0250825 0 0.001)
(0.0254 0 0.001)
(0.0257175 0 0.001)
(0.026035 0 0.001)
(0.0263525 0 0.001)
(0.02667 0 0.001)
(0.0269875 0 0.001)
(0.027305 0 0.001)
(0.0276225 0 0.001)
(0.02794 0 0.001)
(0.0282575 0 0.001)
(0.028575 0 0.001)
(0.0288925 0 0.001)
(0.02921 0 0.001)
(0.0295275 0 0.001)
(0.029845 0 0.001)
(0.0301625 0 0.001)
(0.03048 0 0.001)
(0.0307975 0 0.001)
(0.031115 0 0.001)
(0.0314325 0 0.001)
(0.03175 0 0.001)
(0.0320675 0 0.001)
(0.032385 0 0.001)
(0.0327025 0 0.001)
(0.03302 0 0.001)
(0.0333375 0 0.001)
(0.033655 0 0.001)
(0.0339725 0 0.001)
(0.03429 0 0.001)
(0.0346075 0 0.001)
(0.034925 0 0.001)
(0.0352425 0 0.001)
(0.03556 0 0.001)
(0.0358775 0 0.001)
(0.036195 0 0.001)
(0.0365125 0 0.001)
(0.03683 0 0.001)
(0.0371475 0 0.001)
(0.037465 0 0.001)
(0.0377825 0 0.001)
(0.0381 0 0.001)
(0.0384175 0 0.001)
(0.038735 0 0.001)
(0.0390525 0 0.001)
(0.03937 0 0.001)
(0.0396875 0 0.001)
(0.040005 0 0.001)
(0.0403225 0 0.001)
(0.04064 0 0.001)
(0.0409575 0 0.001)
(0.041275 0 0.001)
(0.0415925 0 0.001)
(0.04191 0 0.001)
(0.0422275 0 0.001)
(0.042545 0 0.001)
(0.0428625 0 0.001)
(0.04318 0 0.001)
(0.0434975 0 0.001)
(0.043815 0 0.001)
(0.0441325 0 0.001)
(0.04445 0 0.001)
(0.0447675 0 0.001)
(0.045085 0 0.001)
(0.0454025 0 0.001)
(0.04572 0 0.001)
(0.0460375 0 0.001)
(0.046355 0 0.001)
(0.0466725 0 0.001)
(0.04699 0 0.001)
(0.0473075 0 0.001)
(0.047625 0 0.001)
(0.0479425 0 0.001)
(0.04826 0 0.001)
(0.0485775 0 0.001)
(0.048895 0 0.001)
(0.0492125 0 0.001)
(0.04953 0 0.001)
(0.0498475 0 0.001)
(0.050165 0 0.001)
(0.0504825 0 0.001)
(0.0508 0 0.001)
(0.0511175 0 0.001)
(0.051435 0 0.001)
(0.0517525 0 0.001)
(0.05207 0 0.001)
(0.0523875 0 0.001)
(0.052705 0 0.001)
(0.0530225 0 0.001)
(0.05334 0 0.001)
(0.0536575 0 0.001)
(0.053975 0 0.001)
(0.0542925 0 0.001)
(0.05461 0 0.001)
(0.0549275 0 0.001)
(0.055245 0 0.001)
(0.0555625 0 0.001)
(0.05588 0 0.001)
(0.0561975 0 0.001)
(0.056515 0 0.001)
(0.0568325 0 0.001)
(0.05715 0 0.001)
(0.0574675 0 0.001)
(0.057785 0 0.001)
(0.0581025 0 0.001)
(0.05842 0 0.001)
(0.0587375 0 0.001)
(0.059055 0 0.001)
(0.0593725 0 0.001)
(0.05969 0 0.001)
(0.0600075 0 0.001)
(0.060325 0 0.001)
(0.0606425 0 0.001)
(0.06096 0 0.001)
(0.0612775 0 0.001)
(0.061595 0 0.001)
(0.0619125 0 0.001)
(0.06223 0 0.001)
(0.0625475 0 0.001)
(0.062865 0 0.001)
(0.0631825 0 0.001)
(0.0635 0 0.001)
(0.0638175 0 0.001)
(0.064135 0 0.001)
(0.0644525 0 0.001)
(0.06477 0 0.001)
(0.0650875 0 0.001)
(0.065405 0 0.001)
(0.0657225 0 0.001)
(0.06604 0 0.001)
(0.0663575 0 0.001)
(0.066675 0 0.001)
(0.0669925 0 0.001)
(0.06731 0 0.001)
(0.0676275 0 0.001)
(0.067945 0 0.001)
(0.0682625 0 0.001)
(0.06858 0 0.001)
(0.0688975 0 0.001)
(0.069215 0 0.001)
(0.0695325 0 0.001)
(0.06985 0 0.001)
(0.0701675 0 0.001)
(0.070485 0 0.001)
(0.0708025 0 0.001)
(0.07112 0 0.001)
(0.0714375 0 0.001)
(0.071755 0 0.001)
(0.0720725 0 0.001)
(0.07239 0 0.001)
(0.0727075 0 0.001)
(0.073025 0 0.001)
(0.0733425 0 0.001)
(0.07366 0 0.001)
(0.0739775 0 0.001)
(0.074295 0 0.001)
(0.0746125 0 0.001)
(0.07493 0 0.001)
(0.0752475 0 0.001)
(0.075565 0 0.001)
(0.0758825 0 0.001)
(0.0762 0 0.001)
(0.0765175 0 0.001)
(0.076835 0 0.001)
(0.0771525 0 0.001)
(0.07747 0 0.001)
(0.0777875 0 0.001)
(0.078105 0 0.001)
(0.0784225 0 0.001)
(0.07874 0 0.001)
(0.0790575 0 0.001)
(0.079375 0 0.001)
(0.0796925 0 0.001)
(0.08001 0 0.001)
(0.0803275 0 0.001)
(0.080645 0 0.001)
(0.0809625 0 0.001)
(0.08128 0 0.001)
(0.0815975 0 0.001)
(0.081915 0 0.001)
(0.0822325 0 0.001)
(0.08255 0 0.001)
(0.0828675 0 0.001)
(0.083185 0 0.001)
(0.0835025 0 0.001)
(0.08382 0 0.001)
(0.0841375 0 0.001)
(0.084455 0 0.001)
(0.0847725 0 0.001)
(0.08509 0 0.001)
(0.0854075 0 0.001)
(0.085725 0 0.001)
(0.0860425 0 0.001)
(0.08636 0 0.001)
(0.0866775 0 0.001)
(0.086995 0 0.001)
(0.0873125 0 0.001)
(0.08763 0 0.001)
(0.0879475 0 0.001)
(0.088265 0 0.001)
(0.0885825 0 0.001)
(0.0889 0 0.001)
(0.0892175 0 0.001)
(0.089535 0 0.001)
(0.0898525 0 0.001)
(0.09017 0 0.001)
(0.0904875 0 0.001)
(0.090805 0 0.001)
(0.0911225 0 0.001)
(0.09144 0 0.001)
(0.0917575 0 0.001)
(0.092075 0 0.001)
(0.0923925 0 0.001)
(0.09271 0 0.001)
(0.0930275 0 0.001)
(0.093345 0 0.001)
(0.0936625 0 0.001)
(0.09398 0 0.001)
(0.0942975 0 0.001)
(0.094615 0 0.001)
(0.0949325 0 0.001)
(0.09525 0 0.001)
(0.0955675 0 0.001)
(0.095885 0 0.001)
(0.0962025 0 0.001)
(0.09652 0 0.001)
(0.0968375 0 0.001)
(0.097155 0 0.001)
(0.0974725 0 0.001)
(0.09779 0 0.001)
(0.0981075 0 0.001)
(0.098425 0 0.001)
(0.0987425 0 0.001)
(0.09906 0 0.001)
(0.0993775 0 0.001)
(0.099695 0 0.001)
(0.100013 0 0.001)
(0.10033 0 0.001)
(0.100648 0 0.001)
(0.100965 0 0.001)
(0.101282 0 0.001)
(0.1016 0 0.001)
(0.101917 0 0.001)
(0.102235 0 0.001)
(0.102553 0 0.001)
(0.10287 0 0.001)
(0.103188 0 0.001)
(0.103505 0 0.001)
(0.103822 0 0.001)
(0.10414 0 0.001)
(0.104457 0 0.001)
(0.104775 0 0.001)
(0.105093 0 0.001)
(0.10541 0 0.001)
(0.105728 0 0.001)
(0.106045 0 0.001)
(0.106362 0 0.001)
(0.10668 0 0.001)
(0.106997 0 0.001)
(0.107315 0 0.001)
(0.107633 0 0.001)
(0.10795 0 0.001)
(0.108268 0 0.001)
(0.108585 0 0.001)
(0.108902 0 0.001)
(0.10922 0 0.001)
(0.109537 0 0.001)
(0.109855 0 0.001)
(0.110173 0 0.001)
(0.11049 0 0.001)
(0.110808 0 0.001)
(0.111125 0 0.001)
(0.111442 0 0.001)
(0.11176 0 0.001)
(0.112077 0 0.001)
(0.112395 0 0.001)
(0.112712 0 0.001)
(0.11303 0 0.001)
(0.113348 0 0.001)
(0.113665 0 0.001)
(0.113983 0 0.001)
(0.1143 0 0.001)
(0.114617 0 0.001)
(0.114935 0 0.001)
(0.115252 0 0.001)
(0.11557 0 0.001)
(0.115888 0 0.001)
(0.116205 0 0.001)
(0.116523 0 0.001)
(0.11684 0 0.001)
(0.117157 0 0.001)
(0.117475 0 0.001)
(0.117792 0 0.001)
(0.11811 0 0.001)
(0.118428 0 0.001)
(0.118745 0 0.001)
(0.119063 0 0.001)
(0.11938 0 0.001)
(0.119697 0 0.001)
(0.120015 0 0.001)
(0.120332 0 0.001)
(0.12065 0 0.001)
(0.120968 0 0.001)
(0.121285 0 0.001)
(0.121603 0 0.001)
(0.12192 0 0.001)
(0.122237 0 0.001)
(0.122555 0 0.001)
(0.122872 0 0.001)
(0.12319 0 0.001)
(0.123508 0 0.001)
(0.123825 0 0.001)
(0.124143 0 0.001)
(0.12446 0 0.001)
(0.124777 0 0.001)
(0.125095 0 0.001)
(0.125413 0 0.001)
(0.12573 0 0.001)
(0.126048 0 0.001)
(0.126365 0 0.001)
(0.126683 0 0.001)
(0.127 0 0.001)
(0 0.025 0.001)
(0.0003175 0.025 0.001)
(0.000635 0.025 0.001)
(0.0009525 0.025 0.001)
(0.00127 0.025 0.001)
(0.0015875 0.025 0.001)
(0.001905 0.025 0.001)
(0.0022225 0.025 0.001)
(0.00254 0.025 0.001)
(0.0028575 0.025 0.001)
(0.003175 0.025 0.001)
(0.0034925 0.025 0.001)
(0.00381 0.025 0.001)
(0.0041275 0.025 0.001)
(0.004445 0.025 0.001)
(0.0047625 0.025 0.001)
(0.00508 0.025 0.001)
(0.0053975 0.025 0.001)
(0.005715 0.025 0.001)
(0.0060325 0.025 0.001)
(0.00635 0.025 0.001)
(0.0066675 0.025 0.001)
(0.006985 0.025 0.001)
(0.0073025 0.025 0.001)
(0.00762 0.025 0.001)
(0.0079375 0.025 0.001)
(0.008255 0.025 0.001)
(0.0085725 0.025 0.001)
(0.00889 0.025 0.001)
(0.0092075 0.025 0.001)
(0.009525 0.025 0.001)
(0.0098425 0.025 0.001)
(0.01016 0.025 0.001)
(0.0104775 0.025 0.001)
(0.010795 0.025 0.001)
(0.0111125 0.025 0.001)
(0.01143 0.025 0.001)
(0.0117475 0.025 0.001)
(0.012065 0.025 0.001)
(0.0123825 0.025 0.001)
(0.0127 0.025 0.001)
(0.0130175 0.025 0.001)
(0.013335 0.025 0.001)
(0.0136525 0.025 0.001)
(0.01397 0.025 0.001)
(0.0142875 0.025 0.001)
(0.014605 0.025 0.001)
(0.0149225 0.025 0.001)
(0.01524 0.025 0.001)
(0.0155575 0.025 0.001)
(0.015875 0.025 0.001)
(0.0161925 0.025 0.001)
(0.01651 0.025 0.001)
(0.0168275 0.025 0.001)
(0.017145 0.025 0.001)
(0.0174625 0.025 0.001)
(0.01778 0.025 0.001)
(0.0180975 0.025 0.001)
(0.018415 0.025 0.001)
(0.0187325 0.025 0.001)
(0.01905 0.025 0.001)
(0.0193675 0.025 0.001)
(0.019685 0.025 0.001)
(0.0200025 0.025 0.001)
(0.02032 0.025 0.001)
(0.0206375 0.025 0.001)
(0.020955 0.025 0.001)
(0.0212725 0.025 0.001)
(0.02159 0.025 0.001)
(0.0219075 0.025 0.001)
(0.022225 0.025 0.001)
(0.0225425 0.025 0.001)
(0.02286 0.025 0.001)
(0.0231775 0.025 0.001)
(0.023495 0.025 0.001)
(0.0238125 0.025 0.001)
(0.02413 0.025 0.001)
(0.0244475 0.025 0.001)
(0.024765 0.025 0.001)
(0.0250825 0.025 0.001)
(0.0254 0.025 0.001)
(0.0257175 0.025 0.001)
(0.026035 0.025 0.001)
(0.0263525 0.025 0.001)
(0.02667 0.025 0.001)
(0.0269875 0.025 0.001)
(0.027305 0.025 0.001)
(0.0276225 0.025 0.001)
(0.02794 0.025 0.001)
(0.0282575 0.025 0.001)
(0.028575 0.025 0.001)
(0.0288925 0.025 0.001)
(0.02921 0.025 0.001)
(0.0295275 0.025 0.001)
(0.029845 0.025 0.001)
(0.0301625 0.025 0.001)
(0.03048 0.025 0.001)
(0.0307975 0.025 0.001)
(0.031115 0.025 0.001)
(0.0314325 0.025 0.001)
(0.03175 0.025 0.001)
(0.0320675 0.025 0.001)
(0.032385 0.025 0.001)
(0.0327025 0.025 0.001)
(0.03302 0.025 0.001)
(0.0333375 0.025 0.001)
(0.033655 0.025 0.001)
(0.0339725 0.025 0.001)
(0.03429 0.025 0.001)
(0.0346075 0.025 0.001)
(0.034925 0.025 0.001)
(0.0352425 0.025 0.001)
(0.03556 0.025 0.001)
(0.0358775 0.025 0.001)
(0.036195 0.025 0.001)
(0.0365125 0.025 0.001)
(0.03683 0.025 0.001)
(0.0371475 0.025 0.001)
(0.037465 0.025 0.001)
(0.0377825 0.025 0.001)
(0.0381 0.025 0.001)
(0.0384175 0.025 0.001)
(0.038735 0.025 0.001)
(0.0390525 0.025 0.001)
(0.03937 0.025 0.001)
(0.0396875 0.025 0.001)
(0.040005 0.025 0.001)
(0.0403225 0.025 0.001)
(0.04064 0.025 0.001)
(0.0409575 0.025 0.001)
(0.041275 0.025 0.001)
(0.0415925 0.025 0.001)
(0.04191 0.025 0.001)
(0.0422275 0.025 0.001)
(0.042545 0.025 0.001)
(0.0428625 0.025 0.001)
(0.04318 0.025 0.001)
(0.0434975 0.025 0.001)
(0.043815 0.025 0.001)
(0.0441325 0.025 0.001)
(0.04445 0.025 0.001)
(0.0447675 0.025 0.001)
(0.045085 0.025 0.001)
(0.0454025 0.025 0.001)
(0.04572 0.025 0.001)
(0.0460375 0.025 0.001)
(0.046355 0.025 0.001)
(0.0466725 0.025 0.001)
(0.04699 0.025 0.001)
(0.0473075 0.025 0.001)
(0.047625 0.025 0.001)
(0.0479425 0.025 0.001)
(0.04826 0.025 0.001)
(0.0485775 0.025 0.001)
(0.048895 0.025 0.001)
(0.0492125 0.025 0.001)
(0.04953 0.025 0.001)
(0.0498475 0.025 0.001)
(0.050165 0.025 0.001)
(0.0504825 0.025 0.001)
(0.0508 0.025 0.001)
(0.0511175 0.025 0.001)
(0.051435 0.025 0.001)
(0.0517525 0.025 0.001)
(0.05207 0.025 0.001)
(0.0523875 0.025 0.001)
(0.052705 0.025 0.001)
(0.0530225 0.025 0.001)
(0.05334 0.025 0.001)
(0.0536575 0.025 0.001)
(0.053975 0.025 0.001)
(0.0542925 0.025 0.001)
(0.05461 0.025 0.001)
(0.0549275 0.025 0.001)
(0.055245 0.025 0.001)
(0.0555625 0.025 0.001)
(0.05588 0.025 0.001)
(0.0561975 0.025 0.001)
(0.056515 0.025 0.001)
(0.0568325 0.025 0.001)
(0.05715 0.025 0.001)
(0.0574675 0.025 0.001)
(0.057785 0.025 0.001)
(0.0581025 0.025 0.001)
(0.05842 0.025 0.001)
(0.0587375 0.025 0.001)
(0.059055 0.025 0.001)
(0.0593725 0.025 0.001)
(0.05969 0.025 0.001)
(0.0600075 0.025 0.001)
(0.060325 0.025 0.001)
(0.0606425 0.025 0.001)
(0.06096 0.025 0.001)
(0.0612775 0.025 0.001)
(0.061595 0.025 0.001)
(0.0619125 0.025 0.001)
(0.06223 0.025 0.001)
(0.0625475 0.025 0.001)
(0.062865 0.025 0.001)
(0.0631825 0.025 0.001)
(0.0635 0.025 0.001)
(0.0638175 0.025 0.001)
(0.064135 0.025 0.001)
(0.0644525 0.025 0.001)
(0.06477 0.025 0.001)
(0.0650875 0.025 0.001)
(0.065405 0.025 0.001)
(0.0657225 0.025 0.001)
(0.06604 0.025 0.001)
(0.0663575 0.025 0.001)
(0.066675 0.025 0.001)
(0.0669925 0.025 0.001)
(0.06731 0.025 0.001)
(0.0676275 0.025 0.001)
(0.067945 0.025 0.001)
(0.0682625 0.025 0.001)
(0.06858 0.025 0.001)
(0.0688975 0.025 0.001)
(0.069215 0.025 0.001)
(0.0695325 0.025 0.001)
(0.06985 0.025 0.001)
(0.0701675 0.025 0.001)
(0.070485 0.025 0.001)
(0.0708025 0.025 0.001)
(0.07112 0.025 0.001)
(0.0714375 0.025 0.001)
(0.071755 0.025 0.001)
(0.0720725 0.025 0.001)
(0.07239 0.025 0.001)
(0.0727075 0.025 0.001)
(0.073025 0.025 0.001)
(0.0733425 0.025 0.001)
(0.07366 0.025 0.001)
(0.0739775 0.025 0.001)
(0.074295 0.025 0.001)
(0.0746125 0.025 0.001)
(0.07493 0.025 0.001)
(0.0752475 0.025 0.001)
(0.075565 0.025 0.001)
(0.0758825 0.025 0.001)
(0.0762 0.025 0.001)
(0.0765175 0.025 0.001)
(0.076835 0.025 0.001)
(0.0771525 0.025 0.001)
(0.07747 0.025 0.001)
(0.0777875 0.025 0.001)
(0.078105 0.025 0.001)
(0.0784225 0.025 0.001)
(0.07874 0.025 0.001)
(0.0790575 0.025 0.001)
(0.079375 0.025 0.001)
(0.0796925 0.025 0.001)
(0.08001 0.025 0.001)
(0.0803275 0.025 0.001)
(0.080645 0.025 0.001)
(0.0809625 0.025 0.001)
(0.08128 0.025 0.001)
(0.0815975 0.025 0.001)
(0.081915 0.025 0.001)
(0.0822325 0.025 0.001)
(0.08255 0.025 0.001)
(0.0828675 0.025 0.001)
(0.083185 0.025 0.001)
(0.0835025 0.025 0.001)
(0.08382 0.025 0.001)
(0.0841375 0.025 0.001)
(0.084455 0.025 0.001)
(0.0847725 0.025 0.001)
(0.08509 0.025 0.001)
(0.0854075 0.025 0.001)
(0.085725 0.025 0.001)
(0.0860425 0.025 0.001)
(0.08636 0.025 0.001)
(0.0866775 0.025 0.001)
(0.086995 0.025 0.001)
(0.0873125 0.025 0.001)
(0.08763 0.025 0.001)
(0.0879475 0.025 0.001)
(0.088265 0.025 0.001)
(0.0885825 0.025 0.001)
(0.0889 0.025 0.001)
(0.0892175 0.025 0.001)
(0.089535 0.025 0.001)
(0.0898525 0.025 0.001)
(0.09017 0.025 0.001)
(0.0904875 0.025 0.001)
(0.090805 0.025 0.001)
(0.0911225 0.025 0.001)
(0.09144 0.025 0.001)
(0.0917575 0.025 0.001)
(0.092075 0.025 0.001)
(0.0923925 0.025 0.001)
(0.09271 0.025 0.001)
(0.0930275 0.025 0.001)
(0.093345 0.025 0.001)
(0.0936625 0.025 0.001)
(0.09398 0.025 0.001)
(0.0942975 0.025 0.001)
(0.094615 0.025 0.001)
(0.0949325 0.025 0.001)
(0.09525 0.025 0.001)
(0.0955675 0.025 0.001)
(0.095885 0.025 0.001)
(0.0962025 0.025 0.001)
(0.09652 0.025 0.001)
(0.0968375 0.025 0.001)
(0.097155 0.025 0.001)
(0.0974725 0.025 0.001)
(0.09779 0.025 0.001)
(0.0981075 0.025 0.001)
(0.098425 0.025 0.001)
(0.0987425 0.025 0.001)
(0.09906 0.025 0.001)
(0.0993775 0.025 0.001)
(0.099695 0.025 0.001)
(0.100013 0.025 0.001)
(0.10033 0.025 0.001)
(0.100648 0.025 0.001)
(0.100965 0.025 0.001)
(0.101282 0.025 0.001)
(0.1016 0.025 0.001)
(0.101917 0.025 0.001)
(0.102235 0.025 0.001)
(0.102553 0.025 0.001)
(0.10287 0.025 0.001)
(0.103188 0.025 0.001)
(0.103505 0.025 0.001)
(0.103822 0.025 0.001)
(0.10414 0.025 0.001)
(0.104457 0.025 0.001)
(0.104775 0.025 0.001)
(0.105093 0.025 0.001)
(0.10541 0.025 0.001)
(0.105728 0.025 0.001)
(0.106045 0.025 0.001)
(0.106362 0.025 0.001)
(0.10668 0.025 0.001)
(0.106997 0.025 0.001)
(0.107315 0.025 0.001)
(0.107633 0.025 0.001)
(0.10795 0.025 0.001)
(0.108268 0.025 0.001)
(0.108585 0.025 0.001)
(0.108902 0.025 0.001)
(0.10922 0.025 0.001)
(0.109537 0.025 0.001)
(0.109855 0.025 0.001)
(0.110173 0.025 0.001)
(0.11049 0.025 0.001)
(0.110808 0.025 0.001)
(0.111125 0.025 0.001)
(0.111442 0.025 0.001)
(0.11176 0.025 0.001)
(0.112077 0.025 0.001)
(0.112395 0.025 0.001)
(0.112712 0.025 0.001)
(0.11303 0.025 0.001)
(0.113348 0.025 0.001)
(0.113665 0.025 0.001)
(0.113983 0.025 0.001)
(0.1143 0.025 0.001)
(0.114617 0.025 0.001)
(0.114935 0.025 0.001)
(0.115252 0.025 0.001)
(0.11557 0.025 0.001)
(0.115888 0.025 0.001)
(0.116205 0.025 0.001)
(0.116523 0.025 0.001)
(0.11684 0.025 0.001)
(0.117157 0.025 0.001)
(0.117475 0.025 0.001)
(0.117792 0.025 0.001)
(0.11811 0.025 0.001)
(0.118428 0.025 0.001)
(0.118745 0.025 0.001)
(0.119063 0.025 0.001)
(0.11938 0.025 0.001)
(0.119697 0.025 0.001)
(0.120015 0.025 0.001)
(0.120332 0.025 0.001)
(0.12065 0.025 0.001)
(0.120968 0.025 0.001)
(0.121285 0.025 0.001)
(0.121603 0.025 0.001)
(0.12192 0.025 0.001)
(0.122237 0.025 0.001)
(0.122555 0.025 0.001)
(0.122872 0.025 0.001)
(0.12319 0.025 0.001)
(0.123508 0.025 0.001)
(0.123825 0.025 0.001)
(0.124143 0.025 0.001)
(0.12446 0.025 0.001)
(0.124777 0.025 0.001)
(0.125095 0.025 0.001)
(0.125413 0.025 0.001)
(0.12573 0.025 0.001)
(0.126048 0.025 0.001)
(0.126365 0.025 0.001)
(0.126683 0.025 0.001)
(0.127 0.025 0.001)
)


// ************************************************************************* //
